+ 0.00055005500550055 0.9923900754128022
-25 0.00018335166850018335 4.7535901911063645
-encoded 0.00018335166850018335 4.7535901911063645
-style 0.00018335166850018335 4.060443010546419
... 0.00055005500550055 1.0400181244020568
.applescript 0.00018335166850018335 4.7535901911063645
.applescriptwebsitedeveloper.apple.com 0.00018335166850018335 4.7535901911063645
.getpixel 0.00018335166850018335 4.7535901911063645
.getrow 0.00018335166850018335 4.7535901911063645
.scpt 0.00018335166850018335 4.7535901911063645
.scptd 0.00018335166850018335 4.7535901911063645
0 0.00055005500550055 0.9034425893963061
0-596-00850-3 0.00018335166850018335 4.7535901911063645
0-596-10211-9 0.00018335166850018335 4.7535901911063645
0596008503 0.00018335166850018335 4.7535901911063645
0596102119 0.00018335166850018335 4.7535901911063645
1 0.005500550055005501 0.05310982531394833
1-2-3 0.00018335166850018335 4.060443010546419
1.0 0.00018335166850018335 2.114532861491106
10 0.0012834616795012834 0.5639354490799391
10.0 0.00018335166850018335 4.060443010546419
10.1 0.00018335166850018335 3.654977902438255
10.1.1.86.2218. 0.00018335166850018335 4.7535901911063645
10.10 0.0009167583425009168 4.7535901911063645
10.11 0.00018335166850018335 4.7535901911063645
10.12 0.00018335166850018335 4.7535901911063645
10.13 0.00018335166850018335 4.7535901911063645
10.14 0.00018335166850018335 4.7535901911063645
10.15 0.00018335166850018335 4.7535901911063645
10.1classes 0.00018335166850018335 4.7535901911063645
10.2 0.0003667033370003667 4.7535901911063645
10.2.1conditionals 0.00018335166850018335 4.7535901911063645
10.2.2loops 0.00018335166850018335 4.7535901911063645
10.2language 0.00018335166850018335 4.7535901911063645
10.3 0.00018335166850018335 4.7535901911063645
10.3miscellaneous 0.00018335166850018335 4.7535901911063645
10.4 0.00055005500550055 4.7535901911063645
10.5 0.0007334066740007334 4.7535901911063645
10.6 0.0007334066740007334 4.060443010546419
10.6.3 0.00018335166850018335 4.7535901911063645
10.6.x 0.0003667033370003667 4.7535901911063645
10.7 0.0003667033370003667 4.7535901911063645
10.8 0.0003667033370003667 4.7535901911063645
10.9 0.00055005500550055 4.7535901911063645
100 0.00055005500550055 1.9810014688665833
1000 0.00018335166850018335 1.9810014688665833
10language 0.00018335166850018335 4.7535901911063645
11 0.0009167583425009168 0.7462570058738937
11.1javascript 0.00018335166850018335 4.7535901911063645
11open 0.00018335166850018335 4.7535901911063645
12 0.0007334066740007334 0.7105389232718146
1238844.1238845 0.0003667033370003667 4.7535901911063645
12see 0.00018335166850018335 4.060443010546419
13 0.0003667033370003667 0.861769892995738
13references 0.00018335166850018335 4.7535901911063645
14 0.00055005500550055 0.8415671856782185
14further 0.00018335166850018335 4.7535901911063645
15 0.00055005500550055 0.8217645583820389
15external 0.00018335166850018335 3.654977902438255
16 0.0009167583425009168 0.9034425893963061
16-bit 0.00018335166850018335 2.6741486494265287
17 0.0009167583425009168 0.9923900754128022
17:59 0.00018335166850018335 4.7535901911063645
18 0.00018335166850018335 1.1426722784621401
19 0.00018335166850018335 0.9249487946172696
1980s 0.00018335166850018335 1.8091512119399242
1987 0.00018335166850018335 1.7090677533829417
1989 0.00018335166850018335 1.7578579175523736
1993 0.0003667033370003667 1.4577533251020356
19931993 0.00018335166850018335 4.7535901911063645
1overview 0.00018335166850018335 2.268683541318364
1st 0.00018335166850018335 2.6741486494265287
1–21 0.0003667033370003667 4.7535901911063645
2 0.0023835716905023837 0.08076135664445838
2.0 0.00055005500550055 1.7578579175523736
2.11 0.00018335166850018335 4.7535901911063645
2.3 0.00018335166850018335 3.1441522786722644
2.5 0.00018335166850018335 2.9618307218783095
20 0.00018335166850018335 0.8217645583820389
2000 0.00055005500550055 1.3523928094442093
2002 0.00018335166850018335 1.3862943611198906
2004 0.00018335166850018335 1.3196029866212184
2005 0.00055005500550055 1.0900285449767182
2006 0.00055005500550055 1.2878542883066382
2007 0.0007334066740007334 1.1700712526502546
2009 0.0003667033370003667 1.1160040313799788
2010 0.0007334066740007334 0.9923900754128022
2011 0.00018335166850018335 0.9249487946172696
2012 0.00018335166850018335 1.3196029866212184
2013 0.0009167583425009168 0.9034425893963061
2014 0.0009167583425009168 1.2272296664902032
2014-10-16 0.00018335166850018335 4.7535901911063645
2015 0.0003667033370003667 1.1160040313799788
2016 0.0009167583425009168 1.1700712526502546
2017 0.00605060506050605 1.198242129616951
2017. 0.00018335166850018335 3.654977902438255
2017all 0.00018335166850018335 2.8076800420510515
2018 0.0003667033370003667 1.1700712526502546
2019 0.0007334066740007334 1.1700712526502546
2020 0.00018335166850018335 1.1426722784621401
2020articles 0.00018335166850018335 2.5563656137701454
2022 0.00055005500550055 0.47692407209030935
2023 0.00018335166850018335 0.7282385003712155
21 0.00055005500550055 0.9694005571881035
22 0.0003667033370003667 1.1700712526502546
220938191 0.0003667033370003667 4.7535901911063645
23 0.0003667033370003667 1.0647107369924282
24 0.00018335166850018335 1.1700712526502546
25 0.00055005500550055 0.9923900754128022
26 0.00055005500550055 1.0647107369924282
27 0.0003667033370003667 1.1160040313799788
28 0.00018335166850018335 1.198242129616951
29 0.0003667033370003667 1.1700712526502546
298560807 0.00018335166850018335 4.7535901911063645
2history 0.00018335166850018335 2.1886408336448278
2nd 0.0007334066740007334 2.268683541318364
3 0.0012834616795012834 0.16862271243579272
3.0 0.00018335166850018335 0.0
3.2 0.00018335166850018335 3.367295829986474
30 0.0012834616795012834 1.1700712526502546
308193726 0.0003667033370003667 4.7535901911063645
31 0.0003667033370003667 1.3523928094442093
32 0.00018335166850018335 1.575536360758419
33 0.00018335166850018335 1.7578579175523736
34 0.00018335166850018335 1.9810014688665833
35 0.00018335166850018335 1.8632184332102
36 0.0003667033370003667 1.7578579175523736
37 0.00018335166850018335 1.9810014688665833
38 0.00018335166850018335 1.8632184332102
39 0.00018335166850018335 2.0455399900041544
3basic 0.00018335166850018335 4.7535901911063645
3rd 0.00055005500550055 2.5563656137701454
4 0.002016868353502017 0.2992428948528569
40 0.00018335166850018335 1.8632184332102
41 0.00018335166850018335 2.268683541318364
416 0.00018335166850018335 4.7535901911063645
438 0.00018335166850018335 4.7535901911063645
468969567 0.00018335166850018335 4.7535901911063645
4comments 0.00018335166850018335 4.7535901911063645
5 0.0033003300330033004 0.3591410364339258
50 0.0003667033370003667 2.114532861491106
516 0.00018335166850018335 4.7535901911063645
56500506 0.00018335166850018335 4.7535901911063645
56912218 0.0003667033370003667 4.7535901911063645
5hello 0.00018335166850018335 4.7535901911063645
6 0.0007334066740007334 0.4097847692526808
60 0.00018335166850018335 1.4954936530848826
68694976 0.0003667033370003667 4.7535901911063645
69 0.00018335166850018335 2.6741486494265287
6natural 0.00018335166850018335 4.7535901911063645
7 0.002016868353502017 0.4361020775700542
7.1.1 0.00018335166850018335 4.7535901911063645
716 0.00018335166850018335 4.7535901911063645
75 0.00018335166850018335 2.5563656137701454
76910522 0.00018335166850018335 4.7535901911063645
7examples 0.00018335166850018335 4.060443010546419
7th 0.00018335166850018335 3.367295829986474
8 0.004767143381004767 0.49091031406504926
8.1.1from 0.00018335166850018335 4.7535901911063645
8.1.2from 0.00018335166850018335 4.7535901911063645
8.1script 0.00018335166850018335 4.7535901911063645
8.2script 0.00018335166850018335 4.7535901911063645
863 0.00018335166850018335 4.7535901911063645
8development 0.00018335166850018335 4.7535901911063645
9 0.0023835716905023837 0.5488975717153985
9.1applescript 0.00018335166850018335 4.7535901911063645
9.2applescript 0.00018335166850018335 4.7535901911063645
9.3applescriptobjc 0.00018335166850018335 4.7535901911063645
9.4automator 0.00018335166850018335 4.7535901911063645
9.5scriptable 0.00018335166850018335 4.7535901911063645
9.6scripting 0.00018335166850018335 4.7535901911063645
969 0.00018335166850018335 4.7535901911063645
978-0-321-14931-2 0.00018335166850018335 4.7535901911063645
978-0-470-56229-1 0.00018335166850018335 4.7535901911063645
978-0-7645-7494-8 0.00018335166850018335 4.7535901911063645
978-1-4302-2361-0 0.00018335166850018335 4.7535901911063645
978-1-4302-2362-7 0.00018335166850018335 4.7535901911063645
978-1-4302-2362-7_27 0.00018335166850018335 4.7535901911063645
978-1-59863-384-9 0.00018335166850018335 4.7535901911063645
9781430223610 0.00018335166850018335 4.7535901911063645
9781595937667 0.0003667033370003667 4.7535901911063645
9applescript 0.00018335166850018335 4.7535901911063645
9to5mac.com 0.00018335166850018335 4.7535901911063645
< 0.00018335166850018335 0.9923900754128022
> 0.00018335166850018335 0.861769892995738
a 0.0033003300330033004 0.1584703409717747
abilities 0.00018335166850018335 2.6741486494265287
ability 0.00055005500550055 1.4954936530848826
able 0.00018335166850018335 1.9203768470501485
about 0.00018335166850018335 0.0
absolute 0.00018335166850018335 2.9618307218783095
abstract 0.00018335166850018335 1.618095975177215
accept 0.0007334066740007334 2.6741486494265287
access 0.0016501650165016502 0.946927701336045
accessible 0.00018335166850018335 2.8076800420510515
accessing 0.00018335166850018335 2.8076800420510515
accomplished 0.0003667033370003667 4.060443010546419
according 0.00018335166850018335 1.7090677533829417
account 0.00018335166850018335 0.0
accountlog 0.00018335166850018335 0.0
achieved 0.00018335166850018335 2.451005098112319
acm 0.00055005500550055 1.2272296664902032
across 0.0007334066740007334 0.0
act 0.0003667033370003667 2.6741486494265287
action 0.00055005500550055 1.9810014688665833
actions 0.0022002200220022 2.114532861491106
actions—like 0.00018335166850018335 4.7535901911063645
activate 0.0003667033370003667 4.7535901911063645
activated 0.00018335166850018335 4.7535901911063645
activity 0.00018335166850018335 2.9618307218783095
actually 0.0003667033370003667 2.3556949183079943
adam 0.0003667033370003667 3.367295829986474
adapted 0.00018335166850018335 3.654977902438255
add 0.0011001100110011 1.198242129616951
add-ons 0.00018335166850018335 3.367295829986474
added 0.00018335166850018335 1.0647107369924282
adding 0.0007334066740007334 0.8823891801984737
addition 0.0009167583425009168 1.1700712526502546
additional 0.00018335166850018335 0.0
additions 0.0018335166850018336 2.114532861491106
addressable 0.00018335166850018335 4.7535901911063645
adds 0.00018335166850018335 1.7090677533829417
administrator 0.00018335166850018335 4.060443010546419
adopted 0.00018335166850018335 2.1886408336448278
advanced 0.00055005500550055 1.575536360758419
advantages 0.00018335166850018335 2.8076800420510515
aeom 0.00055005500550055 4.7535901911063645
after 0.0003667033370003667 1.8091512119399242
ago 0.0003667033370003667 0.5194836865091053
agree 0.00018335166850018335 0.0
aims 0.00018335166850018335 2.6741486494265287
airdrop 0.00018335166850018335 4.7535901911063645
airport 0.00018335166850018335 4.7535901911063645
alert 0.0011001100110011 3.1441522786722644
alerts 0.0003667033370003667 3.367295829986474
alfred 0.0003667033370003667 3.367295829986474
alias 0.0003667033370003667 3.1441522786722644
all 0.00018335166850018335 1.2272296664902032
alldritt 0.00018335166850018335 4.7535901911063645
allow 0.0007334066740007334 1.0400181244020568
allowed 0.0007334066740007334 1.7090677533829417
allowing 0.00055005500550055 1.3862943611198906
allows 0.00055005500550055 0.8415671856782185
almost 0.00018335166850018335 1.8091512119399242
along 0.00018335166850018335 1.618095975177215
also 0.0034836817015034835 0.18924199963852834
alternative 0.00018335166850018335 1.7090677533829417
alternatively 0.00018335166850018335 3.1441522786722644
among 0.00018335166850018335 1.575536360758419
an 0.00055005500550055 0.8023464725249373
analogous 0.00018335166850018335 3.654977902438255
analysis 0.00018335166850018335 1.618095975177215
andy 0.00018335166850018335 2.9618307218783095
animation 0.00018335166850018335 3.367295829986474
another 0.0003667033370003667 0.9694005571881035
ans 0.0022002200220022 3.654977902438255
answer 0.0022002200220022 2.9618307218783095
anynumber 0.00018335166850018335 4.7535901911063645
anyone 0.00018335166850018335 2.8076800420510515
anywhere 0.00018335166850018335 2.5563656137701454
apis 0.00018335166850018335 2.268683541318364
app 0.0009167583425009168 2.114532861491106
app123 0.0003667033370003667 4.7535901911063645
appear 0.00018335166850018335 2.268683541318364
appeared1993 0.00018335166850018335 4.7535901911063645
apple 0.008434176751008434 1.9203768470501485
appleevent 0.00018335166850018335 4.7535901911063645
applescript 0.025302530253025302 4.7535901911063645
applescriptlangguideinfluenced 0.00018335166850018335 4.7535901911063645
applescriptlibraries 0.00018335166850018335 4.7535901911063645
applescriptobjc 0.0022002200220022 4.7535901911063645
applescriptparadigmnatural 0.00018335166850018335 4.7535901911063645
applescripts 0.0029336266960029336 4.7535901911063645
applescript—run 0.00018335166850018335 4.7535901911063645
applet 0.0007334066740007334 4.060443010546419
applets 0.0012834616795012834 3.367295829986474
application 0.008617528419508618 0.8217645583820389
applications 0.00825082508250825 0.7832982775542428
applicationscore 0.00018335166850018335 4.7535901911063645
apply 0.00055005500550055 0.0
apps 0.00055005500550055 2.3556949183079943
app—the 0.00018335166850018335 4.7535901911063645
apress 0.0003667033370003667 2.9618307218783095
apsl 0.00018335166850018335 4.7535901911063645
aqua 0.00018335166850018335 4.7535901911063645
architecture 0.0014668133480014668 1.618095975177215
archive 0.0003667033370003667 1.9203768470501485
archived 0.0003667033370003667 0.6104554647148319
arexx 0.00018335166850018335 3.654977902438255
arguments 0.00018335166850018335 1.4577533251020356
around 0.00055005500550055 1.4577533251020356
arrow 0.00018335166850018335 3.367295829986474
ars 0.0003667033370003667 3.367295829986474
article 0.0007334066740007334 0.0
articleabout 0.00018335166850018335 0.0
articles 0.0003667033370003667 0.1584703409717747
articletalk 0.00018335166850018335 0.0
as 0.0003667033370003667 0.8023464725249373
asciiwwdc.com 0.00018335166850018335 4.7535901911063645
ask 0.00018335166850018335 3.654977902438255
asobjc 0.00055005500550055 4.7535901911063645
asobjcextras 0.00018335166850018335 4.7535901911063645
asoc 0.00018335166850018335 4.7535901911063645
aspect 0.00018335166850018335 3.367295829986474
assigned 0.00055005500550055 2.114532861491106
assistant 0.00018335166850018335 2.6741486494265287
associate 0.00018335166850018335 2.9618307218783095
association 0.00018335166850018335 1.3862943611198906
assortment 0.00018335166850018335 4.7535901911063645
assuage 0.00018335166850018335 4.7535901911063645
asterisks 0.00018335166850018335 4.060443010546419
at 0.00018335166850018335 1.3523928094442093
attaching 0.00018335166850018335 4.7535901911063645
attribution-sharealike 0.00018335166850018335 0.0
audio 0.0007334066740007334 2.8076800420510515
auditory 0.00018335166850018335 4.7535901911063645
aurelio.net 0.00018335166850018335 4.7535901911063645
authority 0.00018335166850018335 1.1700712526502546
automate 0.00018335166850018335 2.9618307218783095
automated 0.00018335166850018335 2.268683541318364
automatically 0.00018335166850018335 1.4954936530848826
automation 0.0031169783645031168 1.9810014688665833
automator 0.0014668133480014668 3.654977902438255
availability 0.00018335166850018335 2.114532861491106
available 0.0012834616795012834 0.0
available—alfred 0.00018335166850018335 4.7535901911063645
avfoundation 0.00018335166850018335 4.7535901911063645
b 0.0014668133480014668 0.5792029212107276
back 0.00018335166850018335 1.8091512119399242
background 0.00018335166850018335 2.3556949183079943
background-only 0.00018335166850018335 4.7535901911063645
bar 0.00018335166850018335 2.9618307218783095
based 0.0003667033370003667 0.626455806061273
basic 0.0023835716905023837 0.7646061445420904
bbedit 0.00018335166850018335 4.7535901911063645
beam 0.00018335166850018335 2.9618307218783095
became 0.00018335166850018335 1.575536360758419
becomes 0.00018335166850018335 2.5563656137701454
beep 0.00018335166850018335 4.7535901911063645
begin 0.00055005500550055 1.7578579175523736
beginner 0.00018335166850018335 3.654977902438255
beginners 0.00018335166850018335 3.1441522786722644
beginning 0.00018335166850018335 1.7578579175523736
begins 0.00018335166850018335 3.1441522786722644
behaved 0.00018335166850018335 4.7535901911063645
behavior 0.00018335166850018335 2.0455399900041544
beijing 0.0003667033370003667 4.7535901911063645
being 0.00018335166850018335 3.654977902438255
ben 0.0003667033370003667 3.367295829986474
berkeley 0.00055005500550055 2.6741486494265287
best 0.00018335166850018335 2.114532861491106
beta 0.00018335166850018335 2.114532861491106
better 0.00018335166850018335 1.8632184332102
big 0.00018335166850018335 2.8076800420510515
bill 0.00018335166850018335 2.9618307218783095
bin 0.00018335166850018335 3.1441522786722644
binary 0.00018335166850018335 1.8091512119399242
bitmap 0.00055005500550055 3.654977902438255
block 0.0022002200220022 1.7090677533829417
blocks 0.0011001100110011 1.575536360758419
blog.latenightsw.com 0.00018335166850018335 4.7535901911063645
bluetooth 0.00018335166850018335 4.7535901911063645
bokmåloʻzbekcha 0.00018335166850018335 3.367295829986474
bonjour 0.00018335166850018335 4.060443010546419
book 0.0003667033370003667 1.534714366238164
boolean 0.0003667033370003667 1.575536360758419
boot 0.00018335166850018335 3.367295829986474
booth 0.00018335166850018335 4.060443010546419
bootx 0.00018335166850018335 4.7535901911063645
border 0.00018335166850018335 4.060443010546419
born 0.00018335166850018335 4.060443010546419
boston 0.00018335166850018335 3.1441522786722644
bottom 0.0003667033370003667 3.1441522786722644
box 0.0003667033370003667 2.268683541318364
boxesarticles 0.00018335166850018335 4.7535901911063645
braille 0.00018335166850018335 4.060443010546419
breakpoints 0.00018335166850018335 4.060443010546419
breen 0.0003667033370003667 4.7535901911063645
brian 0.00018335166850018335 1.7090677533829417
broadening 0.00018335166850018335 4.7535901911063645
browser 0.0003667033370003667 1.8091512119399242
browserify 0.00018335166850018335 4.7535901911063645
brushed 0.00018335166850018335 4.7535901911063645
build 0.0003667033370003667 1.9203768470501485
builder 0.00018335166850018335 2.268683541318364
building 0.00018335166850018335 1.6625477377480486
built 0.0003667033370003667 1.2570826296398845
built-in 0.0014668133480014668 1.534714366238164
bundle 0.0003667033370003667 4.060443010546419
bundles 0.0003667033370003667 4.7535901911063645
business 0.00018335166850018335 1.2878542883066382
button 0.005317198386505317 3.1441522786722644
buttons 0.0038503850385038503 3.367295829986474
by 0.00018335166850018335 0.0
bynatural 0.00018335166850018335 4.7535901911063645
bytecode 0.00018335166850018335 2.268683541318364
c 0.0009167583425009168 0.38414233863934316
ca 0.0003667033370003667 2.5563656137701454
calculations 0.00018335166850018335 2.3556949183079943
calculator 0.00055005500550055 2.9618307218783095
calendar 0.00018335166850018335 3.367295829986474
called 0.0023835716905023837 0.7462570058738937
calls 0.00018335166850018335 1.6625477377480486
camp 0.00018335166850018335 4.060443010546419
can 0.0007334066740007334 2.9618307218783095
cancel 0.0011001100110011 4.060443010546419
cancelled 0.00018335166850018335 4.7535901911063645
capable 0.00018335166850018335 2.268683541318364
capacity 0.00018335166850018335 3.367295829986474
capitan 0.00018335166850018335 4.7535901911063645
capsule 0.00055005500550055 4.060443010546419
capture 0.00018335166850018335 3.367295829986474
carbon 0.00018335166850018335 2.9618307218783095
cardinal 0.00018335166850018335 4.060443010546419
cards 0.00018335166850018335 2.451005098112319
cases 0.0003667033370003667 1.9203768470501485
casting 0.00018335166850018335 2.9618307218783095
catalina 0.00018335166850018335 4.7535901911063645
categories 0.0003667033370003667 0.026202372394024117
center 0.00055005500550055 1.7090677533829417
central 0.00018335166850018335 2.1886408336448278
certain 0.0003667033370003667 1.7578579175523736
certainly 0.00018335166850018335 3.654977902438255
changed 0.00055005500550055 1.7090677533829417
changes 0.0003667033370003667 1.198242129616951
changesupload 0.0003667033370003667 0.0
character 0.00018335166850018335 1.575536360758419
characters 0.00018335166850018335 1.3523928094442093
chart 0.00018335166850018335 3.654977902438255
check 0.00055005500550055 2.451005098112319
cheeseman 0.00018335166850018335 4.7535901911063645
cheetah 0.00018335166850018335 4.7535901911063645
chess 0.00018335166850018335 3.367295829986474
choices 0.00018335166850018335 4.060443010546419
choose 0.0003667033370003667 2.9618307218783095
choosing 0.00018335166850018335 3.1441522786722644
chosen 0.00018335166850018335 2.268683541318364
chosenlistitem 0.00018335166850018335 4.7535901911063645
christopher 0.0003667033370003667 2.9618307218783095
citeseerx 0.00018335166850018335 2.268683541318364
class 0.0009167583425009168 1.3196029866212184
classes 0.0022002200220022 1.575536360758419
classic 0.0003667033370003667 1.7090677533829417
clear 0.00018335166850018335 2.6741486494265287
clicked 0.0003667033370003667 4.060443010546419
clicking 0.00018335166850018335 3.367295829986474
client 0.0003667033370003667 2.114532861491106
clock 0.0003667033370003667 4.060443010546419
close 0.0007334066740007334 2.0455399900041544
cloudkit 0.00018335166850018335 4.7535901911063645
cocoa 0.0014668133480014668 4.060443010546419
cocoa-applescript 0.00018335166850018335 4.7535901911063645
cocoa-object 0.00018335166850018335 4.7535901911063645
code 0.0012834616795012834 0.3468709438421115
code-completion 0.00018335166850018335 4.7535901911063645
coding 0.00018335166850018335 2.114532861491106
collection 0.00018335166850018335 1.4577533251020356
color 0.0009167583425009168 2.451005098112319
colors 0.00018335166850018335 3.367295829986474
colorsync 0.0003667033370003667 4.7535901911063645
combinations 0.00018335166850018335 2.8076800420510515
combined 0.0003667033370003667 1.8632184332102
comes 0.00018335166850018335 2.3556949183079943
command 0.002566923359002567 1.534714366238164
commands 0.005500550055005501 1.8091512119399242
comment 0.00055005500550055 1.8632184332102
commentator 0.00018335166850018335 4.7535901911063645
comments 0.00055005500550055 2.1886408336448278
commercial 0.0009167583425009168 1.421385680931161
commitment 0.00018335166850018335 4.060443010546419
committing 0.00018335166850018335 4.7535901911063645
common 0.00018335166850018335 0.9034425893963061
commonjs 0.00018335166850018335 3.654977902438255
commons 0.00018335166850018335 0.0
communication 0.0003667033370003667 1.7090677533829417
community 0.0007334066740007334 1.618095975177215
company 0.0003667033370003667 1.3862943611198906
compared 0.00018335166850018335 1.9810014688665833
comparison 0.0003667033370003667 0.8415671856782185
competitive 0.00018335166850018335 3.654977902438255
compile-time 0.00018335166850018335 2.3556949183079943
compiled 0.0007334066740007334 1.1160040313799788
compiling 0.0003667033370003667 2.0455399900041544
completed 0.00018335166850018335 2.5563656137701454
complex 0.0011001100110011 1.2272296664902032
component 0.00055005500550055 1.7578579175523736
components 0.0009167583425009168 1.4577533251020356
composer 0.00018335166850018335 4.060443010546419
composing 0.00018335166850018335 4.060443010546419
compound 0.0003667033370003667 2.8076800420510515
comprehensive 0.0003667033370003667 2.5563656137701454
computer 0.0003667033370003667 0.371563556432483
computerworld.com 0.00018335166850018335 4.7535901911063645
computing 0.00018335166850018335 0.7462570058738937
concept 0.0003667033370003667 1.8632184332102
concepts 0.0003667033370003667 1.575536360758419
conceptual 0.00018335166850018335 3.367295829986474
concern 0.00018335166850018335 3.654977902438255
concluded 0.00018335166850018335 3.367295829986474
condition 0.00055005500550055 2.0455399900041544
conditional 0.00055005500550055 1.9810014688665833
conditionals 0.0003667033370003667 2.5563656137701454
conference 0.0003667033370003667 1.1700712526502546
configurator 0.00018335166850018335 4.7535901911063645
conform 0.00018335166850018335 3.367295829986474
congratulations 0.00018335166850018335 4.060443010546419
considered 0.00018335166850018335 1.534714366238164
console 0.00018335166850018335 2.1886408336448278
constant 0.0007334066740007334 2.0455399900041544
constants 0.00018335166850018335 2.268683541318364
construct 0.00018335166850018335 2.1886408336448278
construction 0.00018335166850018335 2.1886408336448278
contact 0.00018335166850018335 0.0
contacts 0.00018335166850018335 3.654977902438255
contain 0.0012834616795012834 1.7578579175523736
contained 0.00018335166850018335 2.1886408336448278
containers 0.0003667033370003667 3.1441522786722644
containing 0.00018335166850018335 1.4577533251020356
contains 0.00018335166850018335 1.3862943611198906
content 0.00018335166850018335 0.0
contents 0.0007334066740007334 0.0
contextual 0.00018335166850018335 4.7535901911063645
continuation 0.00018335166850018335 2.9618307218783095
continue 0.0011001100110011 2.3556949183079943
continues 0.00018335166850018335 2.5563656137701454
contrast 0.00018335166850018335 1.9203768470501485
contribute 0.00018335166850018335 0.0
contributionstalk 0.00018335166850018335 0.0
control 0.0014668133480014668 0.49091031406504926
convenient 0.00018335166850018335 2.451005098112319
converted 0.0003667033370003667 1.8632184332102
converts 0.0003667033370003667 3.367295829986474
conway 0.00018335166850018335 3.367295829986474
cook 0.0003667033370003667 3.654977902438255
cookie 0.00018335166850018335 0.0
copy 0.0003667033370003667 2.5563656137701454
core 0.0023835716905023837 1.3196029866212184
correct 0.00018335166850018335 2.0455399900041544
corresponding 0.00018335166850018335 1.421385680931161
could 0.0012834616795012834 1.0900285449767182
counting 0.00018335166850018335 3.654977902438255
course 0.00018335166850018335 1.9810014688665833
cover 0.00018335166850018335 2.451005098112319
covers 0.00018335166850018335 4.060443010546419
craig 0.00018335166850018335 3.1441522786722644
crash 0.00018335166850018335 3.654977902438255
create 0.0014668133480014668 0.0
created 0.0007334066740007334 0.4361020775700542
creates 0.00018335166850018335 2.451005098112319
creating 0.0003667033370003667 1.4577533251020356
creation 0.00018335166850018335 1.8632184332102
creative 0.00018335166850018335 0.0
credit 0.00018335166850018335 3.1441522786722644
cups 0.00018335166850018335 4.7535901911063645
current 0.00018335166850018335 1.3523928094442093
currently 0.0003667033370003667 1.7578579175523736
cut 0.00018335166850018335 2.9618307218783095
czech 0.00018335166850018335 2.3556949183079943
dan 0.0003667033370003667 2.6741486494265287
darwin 0.00018335166850018335 4.7535901911063645
dashboard 0.00018335166850018335 3.367295829986474
dashcode 0.00018335166850018335 4.7535901911063645
data 0.0031169783645031168 0.4228568508200336
database 0.0003667033370003667 1.6625477377480486
date 0.0011001100110011 1.6625477377480486
dates 0.00018335166850018335 1.618095975177215
day 0.00018335166850018335 2.0455399900041544
debug 0.00018335166850018335 2.5563656137701454
debugger 0.0007334066740007334 2.6741486494265287
debugging 0.0007334066740007334 2.268683541318364
december 0.00055005500550055 0.7282385003712155
declared 0.00018335166850018335 1.6625477377480486
decline 0.00018335166850018335 3.367295829986474
default 0.004767143381004767 1.618095975177215
defaults 0.00018335166850018335 3.654977902438255
define 0.0003667033370003667 1.421385680931161
defined 0.0009167583425009168 1.2272296664902032
defines 0.00055005500550055 1.9203768470501485
definitive 0.0003667033370003667 3.367295829986474
delay 0.00018335166850018335 3.1441522786722644
demand 0.00018335166850018335 2.8076800420510515
denote 0.00018335166850018335 2.9618307218783095
denotes 0.00018335166850018335 3.367295829986474
dependent 0.0003667033370003667 2.3556949183079943
deprecated 0.0003667033370003667 2.451005098112319
described 0.00018335166850018335 1.7090677533829417
description 0.00018335166850018335 0.3468709438421115
descriptionshort 0.00018335166850018335 0.4631307499579735
designate 0.00018335166850018335 4.060443010546419
designed 0.002016868353502017 0.8217645583820389
desktop 0.00018335166850018335 1.9810014688665833
determine 0.00018335166850018335 2.451005098112319
developed 0.00055005500550055 0.5488975717153985
developer 0.0009167583425009168 1.4954936530848826
developer.apple.com 0.002566923359002567 4.7535901911063645
developers 0.00055005500550055 0.0
developing 0.00018335166850018335 2.114532861491106
development 0.0009167583425009168 0.44952509790219486
developmentmacos 0.00018335166850018335 4.7535901911063645
developmentproprietary 0.00018335166850018335 4.7535901911063645
dialog 0.004583791712504583 2.5563656137701454
dialogreply 0.00018335166850018335 4.7535901911063645
dialogs 0.0007334066740007334 4.060443010546419
dialogs—for 0.00018335166850018335 4.7535901911063645
dictionaries 0.0009167583425009168 4.060443010546419
dictionary 0.002016868353502017 1.9810014688665833
different 0.0014668133480014668 0.39688136441677296
differently 0.00018335166850018335 2.8076800420510515
differs 0.00018335166850018335 2.5563656137701454
digital 0.00018335166850018335 1.575536360758419
direct 0.00018335166850018335 1.575536360758419
directly 0.0014668133480014668 1.198242129616951
directory 0.00018335166850018335 2.451005098112319
disciplineweak 0.00018335166850018335 4.060443010546419
disclaimers 0.00018335166850018335 0.0
discontinued 0.0009167583425009168 1.9203768470501485
discover 0.00018335166850018335 3.654977902438255
disk 0.00018335166850018335 2.5563656137701454
diskimagemounter 0.00018335166850018335 4.7535901911063645
dispatch 0.00018335166850018335 2.6741486494265287
display 0.0044004400440044 1.8091512119399242
displaying 0.00018335166850018335 2.6741486494265287
displays 0.0003667033370003667 2.6741486494265287
distinct 0.0003667033370003667 2.268683541318364
distributed 0.00018335166850018335 1.2570826296398845
divide 0.0003667033370003667 2.8076800420510515
dock 0.0003667033370003667 4.7535901911063645
document 0.0023835716905023837 2.0455399900041544
documentation 0.00018335166850018335 1.4954936530848826
documents 0.00055005500550055 1.8632184332102
does 0.00018335166850018335 3.367295829986474
doi:10.1007 0.0003667033370003667 2.114532861491106
doi:10.1145 0.0003667033370003667 1.421385680931161
dominant 0.00018335166850018335 3.367295829986474
doubleday 0.00018335166850018335 4.7535901911063645
doubt 0.00018335166850018335 4.7535901911063645
doug 0.00018335166850018335 2.9618307218783095
dougscripts.com 0.00018335166850018335 4.7535901911063645
download 0.00018335166850018335 0.0
drag 0.00018335166850018335 4.060443010546419
drop 0.00018335166850018335 3.654977902438255
droplet 0.0012834616795012834 4.7535901911063645
droplets 0.00055005500550055 4.7535901911063645
dropped 0.00055005500550055 2.6741486494265287
dummies 0.0003667033370003667 4.7535901911063645
duplicate 0.0003667033370003667 3.367295829986474
dvd 0.00018335166850018335 4.060443010546419
dynamicossystem 0.00018335166850018335 4.7535901911063645
e 0.00018335166850018335 1.6625477377480486
e.g 0.00018335166850018335 1.575536360758419
each 0.00018335166850018335 1.6625477377480486
earlier 0.0003667033370003667 2.114532861491106
ease-of-use 0.00018335166850018335 4.060443010546419
easier 0.00018335166850018335 2.114532861491106
easily 0.00018335166850018335 1.7090677533829417
ed. 0.0009167583425009168 1.7578579175523736
edit 0.00605060506050605 0.0
editcommunity 0.00018335166850018335 0.0
edited 0.0003667033370003667 0.0
editing 0.0007334066740007334 2.1886408336448278
editor 0.004767143381004767 1.4954936530848826
editors 0.0007334066740007334 0.0
effect 0.00018335166850018335 2.114532861491106
effort 0.0003667033370003667 2.0455399900041544
either 0.00018335166850018335 1.3523928094442093
el 0.00018335166850018335 4.7535901911063645
elements 0.0009167583425009168 1.2878542883066382
eliminated 0.00018335166850018335 3.1441522786722644
eliminates 0.00018335166850018335 3.367295829986474
else 0.0014668133480014668 1.4577533251020356
email 0.00018335166850018335 3.1441522786722644
empty 0.00018335166850018335 1.9203768470501485
en.wikipedia.org 0.00018335166850018335 0.0
enabled 0.00055005500550055 2.8076800420510515
encapsulate 0.00018335166850018335 4.060443010546419
encapsulates 0.00018335166850018335 4.060443010546419
enclosed 0.00018335166850018335 2.8076800420510515
encyclopedia 0.00018335166850018335 0.0
end 0.007517418408507517 0.9034425893963061
end-user 0.0003667033370003667 3.367295829986474
ending 0.0003667033370003667 4.060443010546419
ends 0.00018335166850018335 2.5563656137701454
engine 0.0003667033370003667 1.3862943611198906
engineered 0.00018335166850018335 4.7535901911063645
engineering 0.00018335166850018335 1.4954936530848826
engineers 0.00018335166850018335 2.6741486494265287
english 0.00018335166850018335 0.0
englishsuomisvenskaукраїнська粵語中文 0.00018335166850018335 4.7535901911063645
enhance 0.00018335166850018335 2.6741486494265287
enough 0.00018335166850018335 2.3556949183079943
entered 0.00018335166850018335 2.8076800420510515
entire 0.00018335166850018335 1.7090677533829417
entirely 0.00018335166850018335 1.9810014688665833
enumerate 0.00018335166850018335 4.7535901911063645
environment 0.0009167583425009168 0.8023464725249373
equal 0.00018335166850018335 2.3556949183079943
equivalent 0.00018335166850018335 1.6625477377480486
error 0.0011001100110011 1.618095975177215
errors 0.00018335166850018335 1.618095975177215
especially 0.00018335166850018335 1.8091512119399242
essential 0.00018335166850018335 2.9618307218783095
essentially 0.00018335166850018335 2.9618307218783095
essentials 0.00055005500550055 3.654977902438255
etc 0.0003667033370003667 1.534714366238164
evaluated 0.00018335166850018335 2.1886408336448278
evaluates 0.0003667033370003667 2.6741486494265287
evangelist 0.00018335166850018335 4.7535901911063645
evans 0.00018335166850018335 3.367295829986474
even 0.0003667033370003667 1.3523928094442093
event 0.0007334066740007334 1.8632184332102
events 0.003667033370003667 1.8632184332102
eventsrandom 0.00018335166850018335 0.0
every 0.0003667033370003667 1.4954936530848826
example 0.0012834616795012834 0.49091031406504926
examples 0.00055005500550055 1.2272296664902032
except 0.00018335166850018335 1.9810014688665833
exceptional 0.00018335166850018335 3.654977902438255
exchange 0.0003667033370003667 2.114532861491106
executable 0.00018335166850018335 1.6625477377480486
execute 0.00055005500550055 1.7090677533829417
executed 0.0007334066740007334 1.4577533251020356
executes 0.00018335166850018335 2.114532861491106
executing 0.0003667033370003667 2.3556949183079943
execution 0.0009167583425009168 0.9694005571881035
exemplifies 0.00018335166850018335 4.7535901911063645
exist 0.00018335166850018335 1.9203768470501485
exit 0.00018335166850018335 2.0455399900041544
expanded 0.00018335166850018335 1.9203768470501485
expandedarticles 0.00018335166850018335 4.060443010546419
expanding 0.00018335166850018335 1.6625477377480486
expansion 0.00018335166850018335 2.9618307218783095
explicit 0.00018335166850018335 1.618095975177215
explicitly 0.00018335166850018335 1.8632184332102
explorer 0.00055005500550055 2.5563656137701454
export 0.00018335166850018335 0.0
expressed 0.0007334066740007334 2.451005098112319
extend 0.0003667033370003667 2.114532861491106
extended 0.00018335166850018335 1.3862943611198906
extensible 0.00018335166850018335 2.114532861491106
extension 0.00018335166850018335 1.0647107369924282
extensions.scpt 0.00018335166850018335 4.7535901911063645
extensive 0.00018335166850018335 2.114532861491106
external 0.00055005500550055 0.17887921260298179
extra 0.00018335166850018335 2.451005098112319
f 0.00018335166850018335 1.3523928094442093
facespan 0.0003667033370003667 4.7535901911063645
facetime 0.00018335166850018335 4.7535901911063645
facilitates 0.00018335166850018335 3.367295829986474
fact 0.00018335166850018335 1.7090677533829417
factor 0.00018335166850018335 3.367295829986474
failsafe 0.00018335166850018335 4.7535901911063645
fairly 0.00018335166850018335 3.1441522786722644
false 0.0007334066740007334 1.8632184332102
farnham 0.0003667033370003667 4.7535901911063645
fastscripts 0.0003667033370003667 4.7535901911063645
favor 0.00018335166850018335 2.268683541318364
feature 0.00055005500550055 1.421385680931161
features 0.0009167583425009168 0.4228568508200336
february 0.00055005500550055 0.626455806061273
federighi 0.00018335166850018335 4.7535901911063645
feet 0.00018335166850018335 4.7535901911063645
fifth 0.00018335166850018335 3.367295829986474
file 0.0044004400440044 0.0
filemerge 0.00018335166850018335 4.7535901911063645
filename 0.00018335166850018335 2.1886408336448278
files 0.002016868353502017 1.0647107369924282
filespecial 0.00018335166850018335 0.0
files—these 0.00018335166850018335 4.7535901911063645
filevault 0.00018335166850018335 4.7535901911063645
finally 0.00018335166850018335 1.8632184332102
finder 0.0018335166850018336 3.654977902438255
first 0.0011001100110011 0.5050949490570057
five 0.00018335166850018335 2.1886408336448278
flavors 0.00018335166850018335 2.8076800420510515
fleishman 0.00018335166850018335 4.7535901911063645
flexibility 0.00018335166850018335 2.8076800420510515
floating-point 0.00018335166850018335 2.114532861491106
flow 0.0003667033370003667 1.421385680931161
flynn 0.00018335166850018335 3.654977902438255
focused 0.00018335166850018335 2.9618307218783095
folder 0.0029336266960029336 4.7535901911063645
folders 0.00055005500550055 4.060443010546419
following 0.00055005500550055 0.8023464725249373
follows 0.00018335166850018335 1.7090677533829417
font 0.0003667033370003667 3.1441522786722644
fonts 0.00018335166850018335 2.6741486494265287
for 0.0016501650165016502 0.5639354490799391
ford 0.00018335166850018335 4.060443010546419
foreground 0.00018335166850018335 3.367295829986474
foreign 0.00018335166850018335 3.367295829986474
forever 0.00018335166850018335 3.367295829986474
form 0.0003667033370003667 0.8023464725249373
format 0.0003667033370003667 1.4577533251020356
formats 0.0003667033370003667 1.9203768470501485
former 0.0003667033370003667 2.0455399900041544
forms 0.00018335166850018335 1.575536360758419
forth 0.00018335166850018335 1.8632184332102
foundation 0.0003667033370003667 0.0
four 0.00018335166850018335 1.9810014688665833
frakes 0.00018335166850018335 4.7535901911063645
framework 0.0007334066740007334 1.4577533251020356
frameworks 0.00018335166850018335 2.268683541318364
free 0.0003667033370003667 0.0
freeware 0.00018335166850018335 2.8076800420510515
from 0.00055005500550055 0.0
front 0.0003667033370003667 2.1886408336448278
frontier 0.00018335166850018335 4.7535901911063645
ftp 0.0003667033370003667 3.367295829986474
full 0.0003667033370003667 1.198242129616951
full-fledged 0.00018335166850018335 4.7535901911063645
function 0.0009167583425009168 0.7832982775542428
function-like 0.00018335166850018335 4.7535901911063645
functional 0.0003667033370003667 1.2878542883066382
functionality 0.0007334066740007334 1.7090677533829417
functioning 0.00018335166850018335 4.060443010546419
functionname 0.0003667033370003667 4.7535901911063645
functions 0.0011001100110011 0.7105389232718146
further 0.00018335166850018335 1.2272296664902032
future 0.00055005500550055 1.9203768470501485
g 0.00018335166850018335 2.114532861491106
gallery 0.00018335166850018335 4.7535901911063645
game 0.00018335166850018335 1.9203768470501485
gamet 0.0003667033370003667 4.7535901911063645
gatekeeper 0.00018335166850018335 4.7535901911063645
gems 0.00018335166850018335 3.654977902438255
general 0.0003667033370003667 0.861769892995738
generally 0.0007334066740007334 2.0455399900041544
generation 0.00018335166850018335 1.7090677533829417
generic 0.00018335166850018335 2.0455399900041544
genius 0.00018335166850018335 4.060443010546419
gets 0.0003667033370003667 3.1441522786722644
gettiff 0.00018335166850018335 4.7535901911063645
github 0.00018335166850018335 1.4954936530848826
given 0.00055005500550055 1.421385680931161
gives 0.00018335166850018335 2.114532861491106
giving 0.0003667033370003667 2.451005098112319
glenn 0.00018335166850018335 4.060443010546419
go 0.00018335166850018335 0.0
goldstein 0.0003667033370003667 3.654977902438255
good 0.0003667033370003667 1.9810014688665833
grab 0.00018335166850018335 4.7535901911063645
grand 0.00018335166850018335 3.367295829986474
granted 0.00018335166850018335 2.8076800420510515
grapher 0.00018335166850018335 4.7535901911063645
graphic 0.00018335166850018335 2.8076800420510515
graphical 0.00055005500550055 1.9810014688665833
graphing 0.00018335166850018335 3.1441522786722644
great 0.00018335166850018335 2.3556949183079943
greater 0.0003667033370003667 2.5563656137701454
greatest 0.00018335166850018335 2.8076800420510515
greatly 0.00018335166850018335 2.9618307218783095
grouped 0.00018335166850018335 2.9618307218783095
gruber 0.00055005500550055 4.7535901911063645
gui 0.00018335166850018335 1.7578579175523736
guide 0.002016868353502017 1.1700712526502546
guru 0.00018335166850018335 3.367295829986474
h 0.00018335166850018335 2.268683541318364
hamish 0.0003667033370003667 4.7535901911063645
hanaan 0.0003667033370003667 4.7535901911063645
handle 0.00018335166850018335 2.0455399900041544
handled 0.00018335166850018335 2.8076800420510515
handler 0.0038503850385038503 2.6741486494265287
handlers 0.0011001100110011 3.1441522786722644
handling 0.0003667033370003667 1.4954936530848826
happily 0.0003667033370003667 4.7535901911063645
hazel 0.0003667033370003667 4.7535901911063645
heart 0.00018335166850018335 3.654977902438255
hello 0.0012834616795012834 1.1160040313799788
help 0.00055005500550055 0.626455806061273
helplearn 0.00018335166850018335 0.0
helpviewer 0.00018335166850018335 4.7535901911063645
here 0.00018335166850018335 1.9810014688665833
hererelated 0.00018335166850018335 0.0
hfs+ 0.00018335166850018335 4.7535901911063645
hidden 0.0003667033370003667 2.5563656137701454
hide 0.00018335166850018335 0.0
hierarchy 0.0003667033370003667 2.9618307218783095
high 0.0003667033370003667 1.421385680931161
highlighting 0.00018335166850018335 2.8076800420510515
highly 0.00018335166850018335 2.6741486494265287
history 0.0014668133480014668 0.0
hits 0.00018335166850018335 3.367295829986474
hoboken 0.00018335166850018335 4.7535901911063645
hold 0.00018335166850018335 1.9203768470501485
home 0.0003667033370003667 1.618095975177215
hopl 0.0003667033370003667 3.1441522786722644
host 0.00018335166850018335 2.3556949183079943
hotkey 0.00018335166850018335 4.060443010546419
however 0.00018335166850018335 1.0400181244020568
html 0.0003667033370003667 2.268683541318364
https 0.00018335166850018335 0.0
human 0.0003667033370003667 2.8076800420510515
human-readable 0.0003667033370003667 3.654977902438255
hundreds 0.0003667033370003667 3.1441522786722644
hypercard 0.0009167583425009168 4.060443010546419
hypertalk 0.0009167583425009168 4.060443010546419
hyphens 0.00018335166850018335 4.060443010546419
iac 0.00018335166850018335 4.060443010546419
ibm 0.00018335166850018335 1.3523928094442093
ichat 0.00018335166850018335 4.7535901911063645
icloud 0.00018335166850018335 3.654977902438255
icns 0.00018335166850018335 4.7535901911063645
icon 0.0011001100110011 3.654977902438255
ide 0.0007334066740007334 1.4954936530848826
identical 0.00018335166850018335 2.9618307218783095
identified 0.00018335166850018335 2.6741486494265287
identifier 0.00018335166850018335 2.451005098112319
identifiers 0.0003667033370003667 1.1426722784621401
identifiersarticles 0.0003667033370003667 1.2272296664902032
idle 0.0014668133480014668 3.367295829986474
if 0.00018335166850018335 0.8823891801984737
ihnatko 0.00018335166850018335 4.7535901911063645
iii 0.0003667033370003667 2.9618307218783095
image 0.0014668133480014668 2.0455399900041544
images 0.00018335166850018335 2.5563656137701454
implement 0.00018335166850018335 1.534714366238164
implementation 0.00018335166850018335 0.6760527472006452
implemented 0.00018335166850018335 1.0159205728229963
implicit 0.00018335166850018335 1.8632184332102
important 0.00055005500550055 1.575536360758419
importing 0.00018335166850018335 4.060443010546419
improve 0.00018335166850018335 0.9249487946172696
in 0.0031169783645031168 0.371563556432483
inc. 0.00055005500550055 0.0
inc.first 0.00018335166850018335 4.060443010546419
include 0.00055005500550055 0.9249487946172696
included 0.00055005500550055 1.1160040313799788
includes 0.0007334066740007334 1.1160040313799788
including 0.0012834616795012834 0.7282385003712155
incorrect 0.0003667033370003667 3.367295829986474
increased 0.00018335166850018335 2.8076800420510515
index.php 0.00018335166850018335 0.0
indianapolis 0.00018335166850018335 4.060443010546419
indicating 0.00018335166850018335 3.1441522786722644
individual 0.00018335166850018335 2.114532861491106
infinitive 0.00018335166850018335 4.7535901911063645
informally 0.00018335166850018335 3.367295829986474
information 0.0011001100110011 1.0159205728229963
informationcite 0.00018335166850018335 0.0
infoworld 0.00018335166850018335 2.451005098112319
inherit 0.00018335166850018335 3.1441522786722644
inkwell 0.00018335166850018335 4.7535901911063645
input 0.0003667033370003667 1.0159205728229963
inside 0.00055005500550055 1.534714366238164
inspired 0.00018335166850018335 1.8632184332102
install 0.00018335166850018335 3.367295829986474
installer 0.00018335166850018335 2.9618307218783095
instance 0.0003667033370003667 1.421385680931161
instructions 0.00018335166850018335 1.7090677533829417
instruments 0.00018335166850018335 2.9618307218783095
insufficient 0.00018335166850018335 3.367295829986474
integer 0.0011001100110011 1.4577533251020356
integrity 0.00018335166850018335 3.1441522786722644
intelligent 0.00018335166850018335 3.367295829986474
intended 0.00018335166850018335 1.4577533251020356
intent 0.0003667033370003667 2.8076800420510515
inter-application 0.00018335166850018335 4.7535901911063645
interaction 0.00055005500550055 2.3556949183079943
interface 0.0011001100110011 0.946927701336045
interfaces 0.0003667033370003667 1.4954936530848826
interfaces—called 0.00018335166850018335 4.7535901911063645
interfacing 0.00018335166850018335 3.1441522786722644
interprocess 0.00018335166850018335 4.060443010546419
introduced 0.0003667033370003667 1.198242129616951
introducing 0.00018335166850018335 1.7090677533829417
introduction 0.00018335166850018335 1.4954936530848826
intuitively 0.00018335166850018335 4.7535901911063645
ios 0.00018335166850018335 2.5563656137701454
iphoto 0.00018335166850018335 4.7535901911063645
isbn 0.0022002200220022 0.6760527472006452
israel 0.00018335166850018335 1.3523928094442093
isync 0.00018335166850018335 4.7535901911063645
it 0.0003667033370003667 0.17887921260298179
italics 0.00018335166850018335 3.1441522786722644
item 0.0003667033370003667 0.0
items 0.0016501650165016502 2.1886408336448278
iteration 0.00018335166850018335 2.6741486494265287
itunes 0.0003667033370003667 4.7535901911063645
j9u 0.00018335166850018335 1.3523928094442093
jaguar 0.00018335166850018335 4.7535901911063645
january 0.00018335166850018335 0.659245628884264
javascript 0.0011001100110011 1.4577533251020356
javascriptcore 0.00018335166850018335 4.060443010546419
jeff 0.0003667033370003667 2.9618307218783095
jerry 0.00018335166850018335 4.7535901911063645
jobs 0.00018335166850018335 2.5563656137701454
john 0.0012834616795012834 1.2272296664902032
jonny 0.00018335166850018335 4.7535901911063645
journal 0.00018335166850018335 1.2272296664902032
jr. 0.00018335166850018335 2.3556949183079943
july 0.0003667033370003667 0.9249487946172696
jump 0.00018335166850018335 0.0
june 0.0007334066740007334 0.7646061445420904
jxa 0.0007334066740007334 4.7535901911063645
jxa-cookbook 0.00018335166850018335 4.7535901911063645
keeping 0.00018335166850018335 3.367295829986474
kernel 0.00018335166850018335 2.3556949183079943
key 0.0007334066740007334 1.3523928094442093
keyboard 0.0007334066740007334 2.1886408336448278
keychain 0.0003667033370003667 4.7535901911063645
keyed 0.0003667033370003667 4.7535901911063645
keys 0.00018335166850018335 2.6741486494265287
keywords 0.00018335166850018335 1.8632184332102
key–value 0.00018335166850018335 4.7535901911063645
kill 0.00018335166850018335 3.367295829986474
kinds 0.0003667033370003667 2.451005098112319
knowledge 0.00018335166850018335 1.9203768470501485
knows 0.00018335166850018335 3.1441522786722644
labeled 0.00055005500550055 4.060443010546419
language 0.006784011734506784 0.0
language-defined 0.00018335166850018335 4.7535901911063645
languages 0.0014668133480014668 0.0
languagesdynamically 0.00018335166850018335 3.1441522786722644
languageshidden 0.00018335166850018335 1.3523928094442093
languageshigh-level 0.00018335166850018335 3.654977902438255
languagesprogramming 0.0003667033370003667 0.9249487946172696
large 0.00018335166850018335 1.421385680931161
largely 0.00018335166850018335 2.114532861491106
last 0.0003667033370003667 0.0
late 0.00055005500550055 1.7578579175523736
later 0.0009167583425009168 0.9249487946172696
launchd 0.00055005500550055 4.7535901911063645
launched 0.0003667033370003667 2.8076800420510515
launcher 0.00018335166850018335 4.7535901911063645
launchers 0.0007334066740007334 4.060443010546419
launches 0.00018335166850018335 3.367295829986474
launchpad 0.00018335166850018335 4.7535901911063645
laurie 0.00018335166850018335 3.654977902438255
lccn 0.00018335166850018335 1.3196029866212184
learn 0.00055005500550055 0.0
learning 0.00018335166850018335 1.9810014688665833
led 0.00018335166850018335 1.9810014688665833
lee 0.00018335166850018335 2.6741486494265287
left 0.00018335166850018335 1.6625477377480486
legally 0.00018335166850018335 4.060443010546419
length 0.00018335166850018335 1.9203768470501485
leopard 0.0011001100110011 4.7535901911063645
less 0.0003667033370003667 1.8632184332102
libraries 0.0016501650165016502 0.6931471805599453
library 0.00055005500550055 0.6760527472006452
license 0.00018335166850018335 0.0
like 0.0007334066740007334 0.5340824859302579
likewise 0.00018335166850018335 3.1441522786722644
line 0.0012834616795012834 0.946927701336045
line-by-line 0.00018335166850018335 4.7535901911063645
linefeed 0.00018335166850018335 4.7535901911063645
lines 0.00055005500550055 1.7578579175523736
link 0.0003667033370003667 1.3862943611198906
linkpage 0.00018335166850018335 0.0
links 0.0009167583425009168 0.0
lion 0.0003667033370003667 4.7535901911063645
list 0.0023835716905023837 0.5639354490799391
listing 0.00018335166850018335 2.5563656137701454
lists 0.00018335166850018335 1.1426722784621401
little 0.00018335166850018335 2.268683541318364
loaded 0.00018335166850018335 2.451005098112319
loading 0.00018335166850018335 2.5563656137701454
location 0.00018335166850018335 1.9203768470501485
locations 0.00018335166850018335 2.6741486494265287
log 0.00018335166850018335 0.0
logged 0.0003667033370003667 0.0
logging 0.00018335166850018335 4.060443010546419
long 0.0003667033370003667 1.6625477377480486
longtime 0.00018335166850018335 4.7535901911063645
look 0.00018335166850018335 1.7578579175523736
looks 0.00018335166850018335 2.451005098112319
loop 0.0009167583425009168 1.3862943611198906
looping 0.00018335166850018335 2.6741486494265287
loops 0.0003667033370003667 2.1886408336448278
loopvariable 0.00055005500550055 4.7535901911063645
loose 0.00018335166850018335 4.060443010546419
lovejoy 0.00018335166850018335 4.7535901911063645
mac 0.0062339567290062336 2.451005098112319
mach-o 0.00018335166850018335 4.7535901911063645
machine 0.0003667033370003667 0.7462570058738937
machinery 0.00018335166850018335 1.8632184332102
macintosh 0.0011001100110011 2.8076800420510515
macobserver.com 0.00018335166850018335 4.7535901911063645
macos 0.002566923359002567 1.9810014688665833
macosautomation.com 0.0003667033370003667 4.7535901911063645
macoslicenseproprietary 0.00018335166850018335 4.7535901911063645
macosxautomation.com 0.00018335166850018335 4.7535901911063645
macscripter 0.00018335166850018335 4.7535901911063645
macscripter.net 0.00018335166850018335 4.7535901911063645
macworld 0.00055005500550055 4.7535901911063645
macworld.com 0.0012834616795012834 4.7535901911063645
made 0.00018335166850018335 1.0400181244020568
maestro 0.0003667033370003667 3.367295829986474
mail 0.00018335166850018335 3.654977902438255
main 0.0007334066740007334 0.0
mainly 0.00018335166850018335 2.5563656137701454
maintain 0.00018335166850018335 2.3556949183079943
major 0.0003667033370003667 1.1160040313799788
making 0.0003667033370003667 1.575536360758419
managed 0.00018335166850018335 2.6741486494265287
manager 0.00018335166850018335 1.9810014688665833
manipulate 0.00018335166850018335 2.0455399900041544
manipulated 0.0003667033370003667 3.1441522786722644
manipulation 0.00018335166850018335 1.8632184332102
manner 0.00018335166850018335 2.3556949183079943
manual 0.0007334066740007334 1.1700712526502546
many 0.0011001100110011 0.659245628884264
march 0.0003667033370003667 0.6760527472006452
mark 0.0003667033370003667 1.7090677533829417
mathematical 0.00055005500550055 1.7578579175523736
matt 0.0003667033370003667 2.8076800420510515
matter 0.00018335166850018335 3.367295829986474
mavericks 0.0007334066740007334 4.7535901911063645
may 0.008984231756508984 0.0
mdy 0.00018335166850018335 2.8076800420510515
means 0.00018335166850018335 1.534714366238164
meant 0.0003667033370003667 2.451005098112319
mechanism 0.00018335166850018335 1.6625477377480486
mechanisms 0.00018335166850018335 2.268683541318364
media 0.0007334066740007334 1.575536360758419
melayunederlands日本語norsk 0.00018335166850018335 2.6741486494265287
menu 0.0022002200220022 2.8076800420510515
menus 0.0003667033370003667 3.1441522786722644
message 0.00055005500550055 0.6760527472006452
messages 0.0003667033370003667 1.618095975177215
meta-object 0.00018335166850018335 4.060443010546419
metal 0.0003667033370003667 3.654977902438255
metaphor 0.0007334066740007334 4.7535901911063645
meter 0.00018335166850018335 4.7535901911063645
method 0.0003667033370003667 1.421385680931161
methods 0.0003667033370003667 1.4577533251020356
michael 0.00018335166850018335 1.3196029866212184
microsoft 0.0009167583425009168 1.1160040313799788
midi 0.00018335166850018335 3.654977902438255
might 0.0003667033370003667 1.7578579175523736
migration 0.00018335166850018335 3.367295829986474
miller 0.00018335166850018335 2.8076800420510515
minimal 0.0003667033370003667 2.1886408336448278
miscellaneous 0.0003667033370003667 2.8076800420510515
missing 0.00055005500550055 1.9810014688665833
mission 0.00018335166850018335 3.654977902438255
mjtsai.com 0.00018335166850018335 4.7535901911063645
mobile 0.00018335166850018335 0.0
modal 0.0003667033370003667 3.654977902438255
model 0.00018335166850018335 1.0647107369924282
modernize 0.00018335166850018335 4.7535901911063645
modified 0.00018335166850018335 2.451005098112319
modify 0.00018335166850018335 2.5563656137701454
modular 0.00018335166850018335 2.268683541318364
module 0.00018335166850018335 1.534714366238164
modules 0.0003667033370003667 1.9203768470501485
mojave 0.00018335166850018335 4.7535901911063645
monitor 0.00018335166850018335 2.451005098112319
monterey 0.00018335166850018335 4.060443010546419
more 0.00018335166850018335 0.0
mostly 0.00018335166850018335 1.9810014688665833
mountain 0.00018335166850018335 3.367295829986474
mouse 0.00018335166850018335 2.9618307218783095
move 0.0003667033370003667 0.0
moved 0.00018335166850018335 2.8076800420510515
much 0.00055005500550055 1.2272296664902032
multiple 0.0012834616795012834 0.8217645583820389
multiply 0.0003667033370003667 2.9618307218783095
munro 0.00018335166850018335 4.7535901911063645
music 0.00018335166850018335 2.451005098112319
must 0.0003667033370003667 1.198242129616951
myapp 0.00018335166850018335 4.060443010546419
myfunction 0.0003667033370003667 4.7535901911063645
myhandler 0.0007334066740007334 4.7535901911063645
myscript 0.00018335166850018335 4.7535901911063645
naganoya 0.00018335166850018335 4.7535901911063645
name 0.0003667033370003667 0.8217645583820389
national 0.00018335166850018335 0.9249487946172696
native 0.00018335166850018335 1.3523928094442093
natural 0.00055005500550055 2.268683541318364
navigation 0.00018335166850018335 0.0
necessity 0.00018335166850018335 4.060443010546419
need 0.00018335166850018335 1.3862943611198906
needs 0.00018335166850018335 1.3523928094442093
nested 0.0003667033370003667 1.9810014688665833
network 0.00018335166850018335 1.7578579175523736
neuburg 0.0003667033370003667 4.7535901911063645
new 0.00055005500550055 0.5947071077466928
news 0.00018335166850018335 1.0400181244020568
next 0.00018335166850018335 1.3523928094442093
night 0.00055005500550055 4.7535901911063645
nj 0.00018335166850018335 3.367295829986474
nkc 0.00018335166850018335 2.3556949183079943
no 0.0007334066740007334 1.3862943611198906
no. 0.00018335166850018335 2.9618307218783095
non-apple 0.00018335166850018335 4.7535901911063645
non-profit 0.00018335166850018335 0.0
non-scriptable 0.00018335166850018335 4.7535901911063645
nope 0.00018335166850018335 4.7535901911063645
normal 0.00018335166850018335 1.8632184332102
normally 0.00018335166850018335 2.1886408336448278
not 0.00018335166850018335 1.421385680931161
notation 0.00018335166850018335 2.0455399900041544
note 0.0003667033370003667 1.6625477377480486
notes 0.00055005500550055 1.3196029866212184
notification 0.0003667033370003667 2.9618307218783095
noting 0.00018335166850018335 4.060443010546419
nouns 0.00018335166850018335 4.060443010546419
november 0.0011001100110011 0.861769892995738
novices 0.00018335166850018335 4.060443010546419
number 0.0029336266960029336 0.8823891801984737
numbers 0.0003667033370003667 1.2272296664902032
numerical 0.00018335166850018335 2.114532861491106
numerically 0.00018335166850018335 3.654977902438255
numerous 0.00018335166850018335 2.5563656137701454
o 0.0007334066740007334 1.198242129616951
object 0.003667033370003667 0.7646061445420904
object-oriented 0.0003667033370003667 1.0900285449767182
objective 0.00018335166850018335 3.1441522786722644
objective-c 0.0003667033370003667 2.451005098112319
objects 0.0038503850385038503 1.1426722784621401
objects—for 0.00018335166850018335 4.7535901911063645
objects—like 0.00018335166850018335 4.7535901911063645
objects—they 0.00018335166850018335 4.7535901911063645
observer 0.00018335166850018335 4.7535901911063645
occur 0.00018335166850018335 2.0455399900041544
oclc 0.0018335166850018336 2.5563656137701454
october 0.0011001100110011 0.7832982775542428
odbc 0.00018335166850018335 4.060443010546419
offering 0.00018335166850018335 2.5563656137701454
offers 0.00018335166850018335 1.9203768470501485
often 0.00018335166850018335 1.4954936530848826
ok 0.002016868353502017 4.060443010546419
okay 0.00055005500550055 4.7535901911063645
oldid=1138799598 0.00018335166850018335 4.7535901911063645
omitted 0.00018335166850018335 2.3556949183079943
on 0.0003667033370003667 0.0
on-demand 0.00018335166850018335 4.7535901911063645
one 0.0018335166850018336 0.44952509790219486
one-line 0.00018335166850018335 3.654977902438255
ones 0.00018335166850018335 2.5563656137701454
onto 0.0003667033370003667 2.451005098112319
open 0.004033736707004034 1.0900285449767182
opencl 0.00018335166850018335 3.654977902438255
opened 0.00018335166850018335 2.9618307218783095
opengl 0.00018335166850018335 3.654977902438255
opening 0.0003667033370003667 2.6741486494265287
operating 0.0007334066740007334 1.0159205728229963
operation 0.00018335166850018335 1.8091512119399242
operations 0.00055005500550055 1.421385680931161
operator 0.00018335166850018335 1.534714366238164
operators 0.0003667033370003667 1.2570826296398845
opined 0.00018335166850018335 4.7535901911063645
option 0.00018335166850018335 2.1886408336448278
option+return 0.00018335166850018335 4.7535901911063645
optional 0.0003667033370003667 1.618095975177215
options 0.0003667033370003667 2.3556949183079943
order 0.0003667033370003667 1.421385680931161
ordered 0.00018335166850018335 3.1441522786722644
ordinal 0.00018335166850018335 4.060443010546419
ordinary 0.0003667033370003667 2.9618307218783095
organization 0.00018335166850018335 0.0
organized 0.00018335166850018335 2.9618307218783095
original 0.00055005500550055 0.39688136441677296
originally 0.00018335166850018335 0.9923900754128022
os 0.00605060506050605 1.3862943611198906
osa 0.0012834616795012834 4.7535901911063645
osascript 0.0007334066740007334 4.7535901911063645
osax 0.0007334066740007334 4.7535901911063645
otherwise 0.00018335166850018335 1.9810014688665833
output 0.00018335166850018335 1.0900285449767182
overview 0.00055005500550055 1.575536360758419
p. 0.00018335166850018335 1.0159205728229963
package 0.0007334066740007334 1.534714366238164
packaged 0.0003667033370003667 4.060443010546419
packages 0.00018335166850018335 2.0455399900041544
page 0.0014668133480014668 0.0
pagecontentscurrent 0.00018335166850018335 0.0
pages 0.0009167583425009168 0.0
pagespermanent 0.00018335166850018335 0.0
pagewikidata 0.00018335166850018335 0.0
pairs 0.00018335166850018335 2.451005098112319
pane 0.0003667033370003667 4.7535901911063645
panes 0.00018335166850018335 4.060443010546419
panic 0.00018335166850018335 4.7535901911063645
panther 0.00018335166850018335 4.7535901911063645
paradigms 0.00018335166850018335 2.6741486494265287
paragraph 0.0007334066740007334 3.1441522786722644
paragraphs 0.00018335166850018335 3.654977902438255
parameter 0.00018335166850018335 1.6625477377480486
parameters 0.0007334066740007334 1.2878542883066382
parens 0.00018335166850018335 4.7535901911063645
parent 0.00018335166850018335 2.9618307218783095
parentheses 0.00018335166850018335 2.5563656137701454
part 0.0016501650165016502 0.8023464725249373
particular 0.0009167583425009168 1.7578579175523736
particularly 0.00018335166850018335 2.0455399900041544
parties 0.00055005500550055 4.7535901911063645
parts 0.0003667033370003667 1.9810014688665833
passans 0.0003667033370003667 4.7535901911063645
passed 0.0003667033370003667 1.618095975177215
passing 0.00018335166850018335 1.8632184332102
password 0.0007334066740007334 3.654977902438255
path 0.00018335166850018335 2.8076800420510515
pause 0.00018335166850018335 4.060443010546419
pdf 0.0007334066740007334 0.659245628884264
pdfprintable 0.00018335166850018335 0.0
peachpit 0.00018335166850018335 4.7535901911063645
peachpit.com 0.00018335166850018335 4.7535901911063645
perform 0.0003667033370003667 1.534714366238164
performance 0.00018335166850018335 1.4954936530848826
performing 0.00018335166850018335 2.6741486494265287
periodically 0.00018335166850018335 4.7535901911063645
perl 0.00018335166850018335 1.575536360758419
permits 0.00018335166850018335 3.1441522786722644
persistence 0.0003667033370003667 3.654977902438255
personal 0.00018335166850018335 0.0
photo 0.0007334066740007334 4.7535901911063645
photo-editing 0.00055005500550055 4.7535901911063645
photos 0.00055005500550055 3.654977902438255
phrases 0.00018335166850018335 2.9618307218783095
pi 0.00018335166850018335 2.451005098112319
piffle 0.00018335166850018335 4.7535901911063645
pixel 0.0003667033370003667 2.8076800420510515
piyocast.com 0.00018335166850018335 4.7535901911063645
place 0.0003667033370003667 1.534714366238164
placing 0.00018335166850018335 4.060443010546419
plain 0.00055005500550055 2.9618307218783095
player 0.0003667033370003667 2.6741486494265287
plug-ins 0.00018335166850018335 3.654977902438255
plugins 0.00018335166850018335 3.1441522786722644
podcasts 0.00018335166850018335 3.654977902438255
point 0.0003667033370003667 1.1426722784621401
policy 0.0003667033370003667 0.0
ponders 0.00018335166850018335 4.7535901911063645
portal 0.00018335166850018335 1.4954936530848826
portalrecent 0.00018335166850018335 0.0
ported 0.00018335166850018335 2.114532861491106
position 0.00055005500550055 2.3556949183079943
posix 0.0007334066740007334 2.3556949183079943
possessives 0.00018335166850018335 4.7535901911063645
possibility 0.00018335166850018335 3.1441522786722644
possible 0.00018335166850018335 1.3196029866212184
practice 0.00018335166850018335 2.1886408336448278
predefined 0.00018335166850018335 2.451005098112319
preference 0.0003667033370003667 4.7535901911063645
preferences 0.0007334066740007334 4.7535901911063645
prematurely 0.00018335166850018335 4.7535901911063645
prepositional 0.00018335166850018335 4.7535901911063645
prepress 0.0003667033370003667 4.7535901911063645
present 0.00018335166850018335 1.7090677533829417
president 0.00018335166850018335 3.367295829986474
press 0.00018335166850018335 1.421385680931161
preview 0.00018335166850018335 2.268683541318364
prewritten 0.0003667033370003667 4.7535901911063645
primarily 0.0003667033370003667 1.9203768470501485
print 0.0016501650165016502 0.0
printdocument 0.00018335166850018335 4.7535901911063645
printer 0.00018335166850018335 2.8076800420510515
printpage 0.00018335166850018335 4.7535901911063645
printrange 0.00018335166850018335 4.7535901911063645
prior 0.00018335166850018335 1.618095975177215
privacy 0.0003667033370003667 0.0
pro 0.00055005500550055 2.5563656137701454
procedural 0.00018335166850018335 1.2878542883066382
proceedings 0.0003667033370003667 1.2878542883066382
processes 0.0003667033370003667 1.9203768470501485
processing 0.00055005500550055 0.946927701336045
produced 0.00018335166850018335 1.9810014688665833
product 0.00018335166850018335 1.575536360758419
production 0.00018335166850018335 2.5563656137701454
products 0.0009167583425009168 1.6625477377480486
program 0.00055005500550055 0.4631307499579735
programing 0.00018335166850018335 4.060443010546419
programmers 0.0003667033370003667 1.534714366238164
programming 0.002566923359002567 0.0
project 0.00018335166850018335 0.8217645583820389
prompt 0.0003667033370003667 2.8076800420510515
properties 0.00055005500550055 1.9203768470501485
property 0.0003667033370003667 2.3556949183079943
protection 0.00018335166850018335 2.9618307218783095
provide 0.0007334066740007334 0.946927701336045
provided 0.0003667033370003667 1.0647107369924282
provides 0.0007334066740007334 0.9249487946172696
pseudocode 0.00018335166850018335 4.060443010546419
public 0.00055005500550055 1.0900285449767182
publish 0.00018335166850018335 3.654977902438255
publishing 0.00055005500550055 1.9203768470501485
puma 0.00018335166850018335 4.7535901911063645
purposes 0.00018335166850018335 1.9810014688665833
push 0.00018335166850018335 3.1441522786722644
python 0.0003667033370003667 1.3523928094442093
qsapp.com 0.00018335166850018335 4.7535901911063645
quarkxpress 0.00055005500550055 4.7535901911063645
quartz 0.0003667033370003667 4.060443010546419
queries 0.00018335166850018335 2.9618307218783095
questioning 0.00018335166850018335 4.7535901911063645
quick 0.00018335166850018335 2.1886408336448278
quickeys 0.00055005500550055 4.7535901911063645
quicksilver 0.0003667033370003667 4.7535901911063645
quicktime 0.0003667033370003667 4.7535901911063645
quit 0.002016868353502017 3.654977902438255
quits 0.00018335166850018335 4.7535901911063645
quitting 0.00018335166850018335 4.7535901911063645
quit—each 0.00018335166850018335 4.7535901911063645
random 0.0003667033370003667 2.114532861491106
range 0.0003667033370003667 1.7090677533829417
rankings 0.00018335166850018335 4.7535901911063645
rarely 0.00018335166850018335 3.1441522786722644
rather 0.0003667033370003667 1.3196029866212184
re-evaluated 0.00018335166850018335 4.060443010546419
re-run 0.00018335166850018335 4.7535901911063645
re-usable 0.0003667033370003667 4.7535901911063645
read 0.0003667033370003667 1.4954936530848826
readability 0.00018335166850018335 2.5563656137701454
readeditview 0.0003667033370003667 0.0
reader 0.00018335166850018335 2.451005098112319
reading 0.00055005500550055 1.1426722784621401
real 0.0007334066740007334 2.0455399900041544
really 0.00018335166850018335 2.9618307218783095
reasons 0.00018335166850018335 2.1886408336448278
receives 0.00018335166850018335 4.060443010546419
receiving 0.0003667033370003667 3.654977902438255
recognized 0.0003667033370003667 3.1441522786722644
record 0.0003667033370003667 2.0455399900041544
recordability 0.00018335166850018335 4.7535901911063645
recordable 0.00018335166850018335 4.7535901911063645
recording 0.00055005500550055 3.654977902438255
reduce 0.0003667033370003667 2.3556949183079943
reduced 0.0003667033370003667 3.1441522786722644
refer 0.0007334066740007334 2.268683541318364
reference 0.0018335166850018336 0.946927701336045
references 0.0003667033370003667 0.026202372394024117
referred 0.0003667033370003667 1.9810014688665833
reflection 0.00018335166850018335 2.5563656137701454
registered 0.00018335166850018335 0.0
reilly 0.0007334066740007334 2.1886408336448278
related 0.0003667033370003667 1.0647107369924282
relationships 0.00018335166850018335 3.1441522786722644
release 0.00055005500550055 0.8823891801984737
release2.8 0.00018335166850018335 4.7535901911063645
released 0.0007334066740007334 1.0159205728229963
relies 0.00018335166850018335 1.9203768470501485
remains 0.0003667033370003667 2.3556949183079943
reminders 0.00018335166850018335 4.7535901911063645
remote 0.0003667033370003667 2.5563656137701454
removing 0.00018335166850018335 2.5563656137701454
renamed 0.00018335166850018335 2.1886408336448278
reopen 0.00018335166850018335 4.7535901911063645
repeat 0.0049504950495049506 2.5563656137701454
repeated 0.0007334066740007334 3.1441522786722644
repetitive 0.0003667033370003667 3.1441522786722644
reporter 0.00018335166850018335 4.7535901911063645
representing 0.00018335166850018335 2.3556949183079943
republic 0.00018335166850018335 2.3556949183079943
request 0.00018335166850018335 2.6741486494265287
required 0.00018335166850018335 1.3196029866212184
research 0.00018335166850018335 0.9923900754128022
resolution 0.00018335166850018335 2.8076800420510515
resources 0.00055005500550055 1.9203768470501485
responded 0.0003667033370003667 4.060443010546419
result 0.00018335166850018335 1.0159205728229963
resultalertreply 0.00018335166850018335 4.7535901911063645
resulting 0.00018335166850018335 1.8091512119399242
results 0.00018335166850018335 1.4954936530848826
retaining 0.00018335166850018335 4.7535901911063645
retrieved 0.007700770077007701 0.0
return 0.0009167583425009168 1.1700712526502546
returned 0.0016501650165016502 2.268683541318364
review 0.0011001100110011 2.268683541318364
revised 0.00018335166850018335 2.1886408336448278
rexx 0.00018335166850018335 3.367295829986474
rgb 0.0003667033370003667 4.7535901911063645
rock 0.00055005500550055 4.060443010546419
rosenthal 0.0003667033370003667 4.7535901911063645
rosetta 0.00018335166850018335 4.060443010546419
roughly 0.00018335166850018335 3.1441522786722644
row 0.00055005500550055 2.8076800420510515
ruby 0.00018335166850018335 1.7578579175523736
rudely 0.00018335166850018335 4.7535901911063645
run 0.0049504950495049506 0.8023464725249373
running 0.0009167583425009168 1.421385680931161
runtime 0.00055005500550055 1.2272296664902032
s2cid 0.0003667033370003667 1.3862943611198906
safari 0.00055005500550055 4.060443010546419
sal 0.00055005500550055 4.7535901911063645
sanderson 0.0003667033370003667 4.7535901911063645
satimage.fr 0.00018335166850018335 4.7535901911063645
save 0.0007334066740007334 2.3556949183079943
saved 0.0012834616795012834 2.3556949183079943
saving 0.00055005500550055 3.1441522786722644
say 0.0012834616795012834 2.3556949183079943
saying 0.00018335166850018335 3.654977902438255
says 0.00018335166850018335 2.9618307218783095
scheduled 0.00018335166850018335 3.1441522786722644
scored 0.00018335166850018335 4.7535901911063645
screen 0.00018335166850018335 1.9810014688665833
script 0.013934726806013934 1.7090677533829417
scriptability 0.00018335166850018335 4.7535901911063645
scriptable 0.003667033370003667 4.7535901911063645
scripting 0.006784011734506784 1.4954936530848826
scriptingdeveloperapple 0.00018335166850018335 4.7535901911063645
scriptname 0.00018335166850018335 4.7535901911063645
scripts 0.0038503850385038503 2.451005098112319
sdef 0.0003667033370003667 4.7535901911063645
search 0.00018335166850018335 0.0
sebastopol 0.0003667033370003667 3.367295829986474
seconds 0.00055005500550055 2.8076800420510515
section 0.00018335166850018335 1.8091512119399242
see 0.0007334066740007334 0.4361020775700542
selected 0.00018335166850018335 2.451005098112319
selecting 0.00018335166850018335 3.654977902438255
selection 0.00018335166850018335 2.268683541318364
selections 0.00018335166850018335 3.654977902438255
self-contained 0.00018335166850018335 2.9618307218783095
send 0.0007334066740007334 2.268683541318364
sending 0.0011001100110011 3.654977902438255
sends 0.00018335166850018335 4.7535901911063645
senior 0.00018335166850018335 3.654977902438255
separate 0.00018335166850018335 1.3196029866212184
september 0.0007334066740007334 0.9249487946172696
sequence 0.00018335166850018335 1.8632184332102
sequential 0.00018335166850018335 2.451005098112319
series 0.0009167583425009168 1.4954936530848826
serious 0.00018335166850018335 3.1441522786722644
server 0.0003667033370003667 1.4954936530848826
service 0.00018335166850018335 2.451005098112319
services 0.0003667033370003667 1.3862943611198906
session 0.00018335166850018335 2.8076800420510515
set 0.006784011734506784 0.6931471805599453
settings 0.00018335166850018335 2.6741486494265287
setup 0.00055005500550055 3.654977902438255
several 0.0003667033370003667 0.7282385003712155
shane 0.00018335166850018335 4.060443010546419
share 0.00018335166850018335 1.9810014688665833
shebang 0.00018335166850018335 3.654977902438255
shell 0.00055005500550055 1.4577533251020356
shells 0.00018335166850018335 3.367295829986474
sherlock 0.00018335166850018335 4.7535901911063645
shift 0.0003667033370003667 3.1441522786722644
shine 0.00018335166850018335 4.7535901911063645
shock 0.00018335166850018335 4.060443010546419
shockwaves 0.00018335166850018335 4.7535901911063645
short 0.00018335166850018335 0.4361020775700542
shortcuts 0.00055005500550055 3.654977902438255
showing 0.00018335166850018335 2.6741486494265287
shown 0.00018335166850018335 1.7090677533829417
shows 0.00018335166850018335 2.9618307218783095
sidebar 0.0003667033370003667 0.0
sierra 0.0003667033370003667 4.060443010546419
sign 0.00018335166850018335 2.451005098112319
significant 0.0003667033370003667 1.3862943611198906
sigplan 0.0003667033370003667 1.8091512119399242
similar 0.00018335166850018335 0.946927701336045
simple 0.0007334066740007334 1.1160040313799788
simplified 0.00018335166850018335 2.268683541318364
simultaneously 0.00018335166850018335 4.060443010546419
since 0.0007334066740007334 0.9249487946172696
single 0.0009167583425009168 1.2878542883066382
siracusa 0.00018335166850018335 4.7535901911063645
siri 0.00018335166850018335 4.7535901911063645
site 0.00018335166850018335 0.0
situations 0.0003667033370003667 2.5563656137701454
size 0.0003667033370003667 1.8632184332102
skip 0.00055005500550055 2.5563656137701454
slash 0.00018335166850018335 4.060443010546419
slightly 0.0003667033370003667 2.6741486494265287
small 0.00018335166850018335 0.9034425893963061
smart 0.00018335166850018335 2.9618307218783095
smile 0.0007334066740007334 4.060443010546419
smilelab 0.0007334066740007334 4.7535901911063645
snippets 0.0003667033370003667 3.654977902438255
snow 0.00055005500550055 4.7535901911063645
so 0.00018335166850018335 2.5563656137701454
software 0.0018335166850018336 0.371563556432483
softwaredynamic 0.00018335166850018335 3.367295829986474
softwarescripting 0.00018335166850018335 3.654977902438255
soghoian 0.00055005500550055 4.7535901911063645
something 0.00018335166850018335 2.451005098112319
somewhat 0.0003667033370003667 2.451005098112319
somewhere 0.00018335166850018335 4.7535901911063645
spaces 0.00018335166850018335 1.9810014688665833
speakable 0.00018335166850018335 4.7535901911063645
specialized 0.00018335166850018335 2.8076800420510515
specific 0.0003667033370003667 1.3862943611198906
specifically 0.00018335166850018335 1.9810014688665833
specifier 0.0003667033370003667 3.367295829986474
specifies 0.00055005500550055 2.8076800420510515
specs 0.00018335166850018335 4.7535901911063645
spin-off 0.00018335166850018335 3.654977902438255
spotlight 0.0003667033370003667 4.7535901911063645
sqlite3 0.00018335166850018335 4.7535901911063645
square 0.0003667033370003667 2.6741486494265287
stable 0.00018335166850018335 0.9034425893963061
stack 0.0003667033370003667 1.575536360758419
stacks 0.0003667033370003667 3.1441522786722644
standard 0.0009167583425009168 0.6931471805599453
standardadditions.osax 0.00018335166850018335 4.7535901911063645
standardized 0.00018335166850018335 2.451005098112319
standardizing 0.00018335166850018335 4.060443010546419
stanley 0.00018335166850018335 3.1441522786722644
start 0.00018335166850018335 1.575536360758419
starting 0.00018335166850018335 2.0455399900041544
statement 0.0007334066740007334 0.0
statements 0.00018335166850018335 0.946927701336045
states 0.00018335166850018335 1.0400181244020568
static 0.00018335166850018335 1.3523928094442093
statistics 0.00018335166850018335 0.0
status 0.00018335166850018335 2.1886408336448278
stay-open 0.00018335166850018335 4.7535901911063645
step 0.0003667033370003667 2.0455399900041544
stepping 0.0003667033370003667 4.060443010546419
steps 0.0003667033370003667 2.5563656137701454
stickies 0.00018335166850018335 4.7535901911063645
stopped 0.00018335166850018335 3.1441522786722644
store 0.00018335166850018335 1.534714366238164
stored 0.00018335166850018335 1.7090677533829417
strictly 0.0003667033370003667 2.5563656137701454
string 0.0003667033370003667 1.0900285449767182
structure 0.00018335166850018335 1.2878542883066382
structured 0.0003667033370003667 1.4954936530848826
structures 0.0007334066740007334 1.1700712526502546
studio 0.00055005500550055 1.7090677533829417
subclass 0.00018335166850018335 4.060443010546419
subroutine 0.00055005500550055 2.5563656137701454
subroutines 0.00055005500550055 2.451005098112319
subsection 0.0007334066740007334 0.7282385003712155
subsequent 0.00018335166850018335 2.1886408336448278
subtract 0.0003667033370003667 3.1441522786722644
such 0.00018335166850018335 1.9810014688665833
suite 0.00055005500550055 1.9203768470501485
suites 0.0003667033370003667 4.060443010546419
suite—commands 0.00018335166850018335 4.7535901911063645
superclass 0.00018335166850018335 3.654977902438255
supplied 0.00018335166850018335 2.5563656137701454
support 0.0007334066740007334 0.5194836865091053
supported 0.0007334066740007334 0.9249487946172696
supports 0.0003667033370003667 0.8415671856782185
sur 0.00018335166850018335 4.7535901911063645
sync 0.00018335166850018335 3.367295829986474
synonyms 0.0003667033370003667 4.060443010546419
syntax 0.0007334066740007334 0.5488975717153985
synthesized 0.00018335166850018335 4.7535901911063645
system 0.005317198386505317 0.22099069795310872
system-wide 0.00055005500550055 4.060443010546419
systems 0.00018335166850018335 0.5488975717153985
systemwide 0.00018335166850018335 4.7535901911063645
tab 0.00018335166850018335 3.654977902438255
table 0.0007334066740007334 0.0
takaaki 0.00018335166850018335 4.7535901911063645
take 0.0003667033370003667 1.7090677533829417
target 0.00018335166850018335 1.8091512119399242
targeting 0.00018335166850018335 3.367295829986474
task 0.0003667033370003667 1.8632184332102
tasks 0.0012834616795012834 1.7578579175523736
tcl 0.00018335166850018335 3.1441522786722644
team 0.00018335166850018335 1.6625477377480486
technica 0.0003667033370003667 3.367295829986474
technical 0.00018335166850018335 1.3862943611198906
technique 0.00018335166850018335 3.1441522786722644
technologies 0.00055005500550055 1.7090677533829417
technology 0.0003667033370003667 0.8023464725249373
tell 0.00605060506050605 2.8076800420510515
tend 0.00018335166850018335 2.8076800420510515
tendencies 0.00018335166850018335 4.7535901911063645
term 0.00018335166850018335 1.8632184332102
terminal 0.00018335166850018335 2.1886408336448278
terminals 0.00018335166850018335 3.654977902438255
termination 0.00018335166850018335 3.1441522786722644
terms 0.0009167583425009168 0.0
tested 0.00018335166850018335 2.8076800420510515
testing 0.00018335166850018335 2.1886408336448278
text 0.005867253392005867 0.0
textedit 0.00018335166850018335 4.7535901911063645
textexpander 0.0003667033370003667 4.7535901911063645
texts—and 0.00018335166850018335 4.7535901911063645
that 0.00018335166850018335 2.3556949183079943
the 0.005867253392005867 0.03509131981127019
the1 0.0012834616795012834 4.7535901911063645
the2 0.0012834616795012834 4.7535901911063645
theanswer 0.0003667033370003667 4.7535901911063645
theitems 0.00055005500550055 4.7535901911063645
theoretically 0.00018335166850018335 3.654977902438255
theory 0.00018335166850018335 1.9203768470501485
there 0.0007334066740007334 1.1700712526502546
these 0.00055005500550055 1.1700712526502546
theseitems 0.00018335166850018335 4.7535901911063645
they 0.00055005500550055 1.575536360758419
thing 0.00018335166850018335 2.451005098112319
third 0.0011001100110011 1.7578579175523736
third-party 0.0016501650165016502 2.451005098112319
this 0.0023835716905023837 0.0
thisfolder 0.00018335166850018335 4.7535901911063645
thisitem 0.0003667033370003667 4.7535901911063645
thomson 0.00018335166850018335 3.654977902438255
though 0.0007334066740007334 1.534714366238164
thousands 0.0003667033370003667 3.367295829986474
three 0.0003667033370003667 1.198242129616951
thru 0.00055005500550055 3.654977902438255
thus 0.00018335166850018335 1.0159205728229963
tiff 0.0003667033370003667 4.7535901911063645
tiger 0.00018335166850018335 4.7535901911063645
time 0.0012834616795012834 0.6760527472006452
times 0.0009167583425009168 1.8632184332102
tinkerers 0.00018335166850018335 4.7535901911063645
title 0.0018335166850018336 0.0
title=applescript 0.00018335166850018335 4.7535901911063645
tn1164 0.00018335166850018335 4.7535901911063645
to 0.00055005500550055 1.0159205728229963
together 0.00018335166850018335 1.8091512119399242
toggle 0.0012834616795012834 0.0
tom 0.00018335166850018335 1.9810014688665833
tool 0.0007334066740007334 1.1700712526502546
toolbar 0.00018335166850018335 3.1441522786722644
tools 0.0016501650165016502 0.0
toolsxcode 0.00018335166850018335 4.7535901911063645
top 0.0009167583425009168 0.0
topic 0.00018335166850018335 1.4954936530848826
total 0.00055005500550055 2.268683541318364
tracking 0.00018335166850018335 3.1441522786722644
trademark 0.00018335166850018335 0.0
traditional 0.00018335166850018335 2.114532861491106
training 0.0003667033370003667 3.1441522786722644
transitive 0.00018335166850018335 4.7535901911063645
translation 0.00018335166850018335 2.1886408336448278
trinko 0.00018335166850018335 4.7535901911063645
triplet 0.00018335166850018335 4.7535901911063645
true 0.00055005500550055 1.4577533251020356
try 0.0009167583425009168 2.3556949183079943
tsai 0.00018335166850018335 4.7535901911063645
turn 0.00018335166850018335 2.0455399900041544
tutorial 0.00018335166850018335 1.8632184332102
two 0.0003667033370003667 0.6931471805599453
tying 0.00018335166850018335 4.7535901911063645
type 0.0007334066740007334 0.659245628884264
typed 0.0003667033370003667 1.1700712526502546
types 0.0011001100110011 0.7462570058738937
typing 0.0003667033370003667 0.7832982775542428
uncertainty 0.00018335166850018335 4.060443010546419
under 0.00018335166850018335 2.9618307218783095
underlies 0.00018335166850018335 4.7535901911063645
underpinnings 0.00018335166850018335 4.7535901911063645
understood 0.00018335166850018335 3.367295829986474
unevaluated 0.00018335166850018335 4.7535901911063645
unicode 0.00055005500550055 2.114532861491106
unified 0.00018335166850018335 2.1886408336448278
uniform 0.00018335166850018335 3.367295829986474
unit 0.0003667033370003667 1.7090677533829417
united 0.00018335166850018335 1.0647107369924282
units 0.0003667033370003667 2.5563656137701454
universal 0.0003667033370003667 2.451005098112319
universally 0.00018335166850018335 3.367295829986474
unix 0.0014668133480014668 1.618095975177215
unless 0.0003667033370003667 2.5563656137701454
unlikely 0.0003667033370003667 3.654977902438255
unsupported 0.00018335166850018335 4.060443010546419
upcoming 0.00018335166850018335 3.654977902438255
update 0.0003667033370003667 1.8632184332102
upgrade 0.00018335166850018335 3.367295829986474
upload 0.00018335166850018335 4.060443010546419
usdonate 0.00018335166850018335 0.0
use 0.0018335166850018336 0.0
used 0.0029336266960029336 0.18924199963852834
useful 0.00055005500550055 1.575536360758419
usefulness 0.00018335166850018335 3.367295829986474
user 0.002016868353502017 0.8415671856782185
userans 0.0003667033370003667 4.7535901911063645
userland 0.00018335166850018335 4.7535901911063645
username 0.0009167583425009168 4.7535901911063645
users 0.0011001100110011 1.0400181244020568
uses 0.0011001100110011 0.7832982775542428
using 0.0044004400440044 0.0
usr 0.00018335166850018335 3.654977902438255
usually 0.00055005500550055 1.6625477377480486
utc 0.00018335166850018335 0.0
utf-16 0.00018335166850018335 4.060443010546419
utilities 0.0007334066740007334 2.451005098112319
utility 0.0018335166850018336 2.3556949183079943
valid 0.00018335166850018335 2.268683541318364
validating 0.00018335166850018335 4.7535901911063645
value 0.0011001100110011 0.946927701336045
values 0.00055005500550055 0.9923900754128022
variable 0.0014668133480014668 1.0159205728229963
variable1 0.0003667033370003667 4.7535901911063645
variable2 0.0003667033370003667 4.7535901911063645
variable3 0.0007334066740007334 4.7535901911063645
variable4 0.0003667033370003667 4.7535901911063645
variable5 0.0003667033370003667 4.7535901911063645
variable6 0.00018335166850018335 4.7535901911063645
variables 0.0009167583425009168 1.0159205728229963
variables—as 0.00018335166850018335 4.7535901911063645
variation 0.00018335166850018335 4.060443010546419
various 0.00055005500550055 1.3862943611198906
ventura 0.00018335166850018335 4.7535901911063645
ver 0.00018335166850018335 4.7535901911063645
verb 0.0003667033370003667 2.9618307218783095
verbs 0.00018335166850018335 3.654977902438255
verisions 0.00018335166850018335 4.7535901911063645
version 0.0007334066740007334 0.0
versions 0.0014668133480014668 1.1426722784621401
versionsmac 0.00018335166850018335 4.7535901911063645
veteran 0.0003667033370003667 4.060443010546419
veterans 0.00018335166850018335 4.7535901911063645
via 0.0007334066740007334 1.0400181244020568
vice 0.00018335166850018335 2.451005098112319
video 0.00018335166850018335 1.9203768470501485
view 0.00018335166850018335 0.0
viewed 0.0003667033370003667 2.451005098112319
viewer 0.00018335166850018335 3.654977902438255
viewing 0.00018335166850018335 4.060443010546419
visible 0.0003667033370003667 2.5563656137701454
voice 0.00018335166850018335 3.367295829986474
voiceover 0.0003667033370003667 4.7535901911063645
vol 0.00018335166850018335 1.8632184332102
vtemacos 0.00018335166850018335 4.7535901911063645
w 0.00018335166850018335 0.0
wait 0.00018335166850018335 2.9618307218783095
waldie 0.00018335166850018335 4.7535901911063645
want 0.00018335166850018335 4.060443010546419
warning 0.00018335166850018335 3.367295829986474
watch 0.00018335166850018335 3.1441522786722644
way 0.00055005500550055 0.9249487946172696
ways 0.00055005500550055 1.4577533251020356
we 0.00018335166850018335 2.0455399900041544
web 0.0007334066740007334 0.946927701336045
webkit 0.0003667033370003667 4.060443010546419
website 0.00018335166850018335 0.9923900754128022
well 0.0003667033370003667 1.1700712526502546
well-written 0.00018335166850018335 4.060443010546419
what 0.00018335166850018335 0.0
when 0.0009167583425009168 1.1700712526502546
whenever 0.00018335166850018335 2.8076800420510515
where 0.00018335166850018335 2.3556949183079943
whereas 0.00018335166850018335 2.114532861491106
while 0.00018335166850018335 1.3196029866212184
whole 0.00018335166850018335 2.268683541318364
widely 0.00018335166850018335 1.6625477377480486
wiki 0.00018335166850018335 2.268683541318364
wikibooks 0.00018335166850018335 2.1886408336448278
wikidatause 0.00018335166850018335 2.268683541318364
wikimedia 0.00018335166850018335 0.0
wikipedia 0.0009167583425009168 0.0
wikipediacontact 0.00018335166850018335 0.0
wikipedia® 0.00018335166850018335 0.0
wiley 0.0003667033370003667 2.5563656137701454
william 0.0003667033370003667 1.8632184332102
window 0.0012834616795012834 2.1886408336448278
windows 0.0014668133480014668 0.9034425893963061
windows—applescript 0.00018335166850018335 4.7535901911063645
within 0.00055005500550055 1.0159205728229963
without 0.0009167583425009168 0.9249487946172696
word 0.0011001100110011 1.618095975177215
words 0.00018335166850018335 1.7090677533829417
work 0.00055005500550055 1.1160040313799788
workflows 0.0003667033370003667 3.654977902438255
working 0.0003667033370003667 1.198242129616951
works 0.00018335166850018335 1.9203768470501485
world 0.002016868353502017 0.9034425893963061
would 0.00055005500550055 1.198242129616951
write 0.0003667033370003667 1.198242129616951
writer 0.00018335166850018335 2.6741486494265287
writing 0.00018335166850018335 1.3523928094442093
written 0.0014668133480014668 0.44952509790219486
wwdc 0.00018335166850018335 4.7535901911063645
x 0.00825082508250825 0.8415671856782185
xcode 0.0014668133480014668 4.060443010546419
xgrid 0.00018335166850018335 4.7535901911063645
xml 0.00018335166850018335 1.9810014688665833
xml-rpc 0.00018335166850018335 4.7535901911063645
xnu 0.00018335166850018335 4.7535901911063645
xpath 0.00018335166850018335 3.367295829986474
xquartz 0.00018335166850018335 4.7535901911063645
xxvi 0.0003667033370003667 4.7535901911063645
yards 0.00018335166850018335 4.7535901911063645
years 0.0003667033370003667 0.47692407209030935
yes 0.0014668133480014668 3.1441522786722644
yosemite 0.0011001100110011 4.7535901911063645
you 0.0007334066740007334 1.3196029866212184
yournumber 0.00055005500550055 4.7535901911063645
§ 0.00018335166850018335 2.8076800420510515
¬ 0.0038503850385038503 3.367295829986474
» 0.00018335166850018335 3.654977902438255
ўзбекчаpolskiportuguêsromânăрусскийshqipsimple 0.00018335166850018335 4.7535901911063645
العربيةčeštinadeutschελληνικάespañolفارسیfrançais한국어italianoעבריתbahasa 0.00018335166850018335 4.7535901911063645
—and 0.00018335166850018335 4.7535901911063645
—end 0.00018335166850018335 4.7535901911063645
—which 0.00018335166850018335 4.7535901911063645
“ 0.00018335166850018335 2.6741486494265287
” 0.00018335166850018335 2.5563656137701454
… 0.00018335166850018335 3.367295829986474
→ 0.00018335166850018335 2.1886408336448278
≤ 0.00055005500550055 3.1441522786722644
⌥ 0.00018335166850018335 4.7535901911063645
