+ 0.0010695187165775401 0.9923900754128022
+0 0.0021390374331550803 4.7535901911063645
-1 0.0010695187165775401 2.451005098112319
0 0.0010695187165775401 0.9034425893963061
1 0.0032085561497326204 0.05310982531394833
10 0.0021390374331550803 0.5639354490799391
11 0.0021390374331550803 0.7462570058738937
12 0.0010695187165775401 0.7105389232718146
120 0.0010695187165775401 2.6741486494265287
12:30 0.0010695187165775401 4.7535901911063645
13 0.0021390374331550803 0.861769892995738
14 0.0010695187165775401 0.8415671856782185
145 0.0010695187165775401 4.060443010546419
148 0.0021390374331550803 4.060443010546419
15 0.0032085561497326204 0.8217645583820389
154 0.0010695187165775401 4.060443010546419
16 0.0032085561497326204 0.9034425893963061
164 0.0010695187165775401 4.060443010546419
17 0.0021390374331550803 0.9923900754128022
18 0.0010695187165775401 1.1426722784621401
19 0.0010695187165775401 0.9249487946172696
1960s 0.0010695187165775401 2.6741486494265287
1970s 0.0010695187165775401 1.9810014688665833
1974 0.0010695187165775401 2.5563656137701454
1978 0.0010695187165775401 1.8091512119399242
198 0.0010695187165775401 4.060443010546419
199–200 0.0010695187165775401 4.7535901911063645
1background 0.0010695187165775401 4.060443010546419
2 0.0021390374331550803 0.08076135664445838
20 0.0032085561497326204 0.8217645583820389
201 0.0010695187165775401 4.060443010546419
2010 0.0010695187165775401 0.9923900754128022
2012 0.0010695187165775401 1.3196029866212184
2019 0.0010695187165775401 1.1700712526502546
2021 0.006417112299465241 0.9034425893963061
2023 0.0010695187165775401 0.7282385003712155
21 0.0010695187165775401 0.9694005571881035
22 0.0010695187165775401 1.1700712526502546
23 0.0021390374331550803 1.0647107369924282
24 0.0010695187165775401 1.1700712526502546
25 0.0021390374331550803 0.9923900754128022
26 0.0032085561497326204 1.0647107369924282
27 0.0010695187165775401 1.1160040313799788
28 0.0010695187165775401 1.198242129616951
2structure 0.0010695187165775401 4.060443010546419
3 0.0021390374331550803 0.16862271243579272
3.0 0.0010695187165775401 0.0
3.1input 0.0010695187165775401 4.7535901911063645
3.2memory 0.0010695187165775401 4.7535901911063645
3.3mathematical 0.0010695187165775401 4.7535901911063645
3.4program 0.0010695187165775401 4.7535901911063645
3.5other 0.0010695187165775401 4.7535901911063645
3instructions 0.0010695187165775401 4.7535901911063645
4 0.0053475935828877 0.2992428948528569
4cesil 0.0010695187165775401 4.7535901911063645
5 0.0010695187165775401 0.3591410364339258
5example 0.0010695187165775401 4.060443010546419
6 0.0021390374331550803 0.4097847692526808
6see 0.0010695187165775401 2.8076800420510515
7 0.0010695187165775401 0.4361020775700542
71 0.0010695187165775401 2.5563656137701454
72 0.0010695187165775401 2.3556949183079943
73 0.0010695187165775401 2.8076800420510515
74 0.0010695187165775401 2.6741486494265287
76 0.0010695187165775401 2.5563656137701454
77 0.0010695187165775401 2.8076800420510515
7bibliography 0.0010695187165775401 4.7535901911063645
8 0.0021390374331550803 0.49091031406504926
80 0.0010695187165775401 2.1886408336448278
82 0.0010695187165775401 2.451005098112319
83 0.0010695187165775401 2.5563656137701454
84 0.0010695187165775401 2.5563656137701454
86 0.0010695187165775401 2.5563656137701454
8notes 0.0010695187165775401 4.060443010546419
9 0.0021390374331550803 0.5488975717153985
90 0.0010695187165775401 2.451005098112319
903885 0.0010695187165775401 4.7535901911063645
92 0.0010695187165775401 2.6741486494265287
93–94 0.0010695187165775401 4.7535901911063645
96 0.0010695187165775401 2.5563656137701454
97–98 0.0053475935828877 4.7535901911063645
97–99 0.0010695187165775401 4.7535901911063645
9references 0.0010695187165775401 2.6741486494265287
a 0.0010695187165775401 0.1584703409717747
about 0.0010695187165775401 0.0
account 0.0010695187165775401 0.0
accountlog 0.0010695187165775401 0.0
accumulator 0.012834224598930482 4.060443010546419
across 0.0010695187165775401 0.0
add 0.0053475935828877 1.198242129616951
additional 0.0010695187165775401 0.0
adds 0.0010695187165775401 1.7090677533829417
agree 0.0010695187165775401 0.0
alphanumeric 0.0010695187165775401 3.654977902438255
also 0.0021390374331550803 0.18924199963852834
an 0.0021390374331550803 0.8023464725249373
andrew 0.0010695187165775401 2.114532861491106
android 0.0010695187165775401 2.0455399900041544
appendix 0.0010695187165775401 3.367295829986474
apply 0.0010695187165775401 0.0
archived 0.0010695187165775401 0.6104554647148319
arrays 0.0010695187165775401 1.534714366238164
article 0.0010695187165775401 0.0
articleabout 0.0010695187165775401 0.0
articletalk 0.0010695187165775401 0.0
attribution-sharealike 0.0010695187165775401 0.0
available 0.0032085561497326204 0.0
b 0.0074866310160427805 0.5792029212107276
background 0.0010695187165775401 2.3556949183079943
because 0.0010695187165775401 1.8091512119399242
begin 0.0010695187165775401 1.7578579175523736
beginnings 0.0010695187165775401 4.7535901911063645
beyond 0.0010695187165775401 1.9810014688665833
bibliography 0.0010695187165775401 2.6741486494265287
book 0.0010695187165775401 1.534714366238164
british 0.0010695187165775401 2.9618307218783095
by 0.0021390374331550803 0.0
c 0.0032085561497326204 0.38414233863934316
called 0.0021390374331550803 0.7462570058738937
cards 0.0010695187165775401 2.451005098112319
carriage 0.0032085561497326204 4.060443010546419
case 0.0021390374331550803 1.1160040313799788
categories 0.0010695187165775401 0.026202372394024117
category 0.0010695187165775401 0.6931471805599453
cecil 0.0010695187165775401 4.060443010546419
ces 0.0021390374331550803 4.7535901911063645
cesil 0.019251336898395723 4.060443010546419
changesupload 0.0021390374331550803 0.0
characters 0.0010695187165775401 1.3523928094442093
classroom 0.0010695187165775401 3.367295829986474
coding 0.0032085561497326204 2.114532861491106
colin 0.0010695187165775401 3.367295829986474
column 0.0042780748663101605 2.5563656137701454
comment 0.0010695187165775401 1.8632184332102
comments 0.0010695187165775401 2.1886408336448278
commons 0.0010695187165775401 0.0
computer 0.034224598930481284 0.371563556432483
computers 0.0032085561497326204 1.198242129616951
computing 0.0021390374331550803 0.7462570058738937
computinghidden 0.0010695187165775401 4.7535901911063645
conditional 0.0010695187165775401 1.9810014688665833
confused 0.0010695187165775401 1.9203768470501485
constant 0.011764705882352941 2.0455399900041544
constants 0.0032085561497326204 2.268683541318364
contact 0.0010695187165775401 0.0
containing 0.0010695187165775401 1.4577533251020356
contains 0.0021390374331550803 1.3862943611198906
content 0.0010695187165775401 0.0
contents 0.0042780748663101605 0.0
contribute 0.0010695187165775401 0.0
contributionstalk 0.0010695187165775401 0.0
control 0.0053475935828877 0.49091031406504926
cookie 0.0010695187165775401 0.0
copies 0.0021390374331550803 3.1441522786722644
create 0.0021390374331550803 0.0
creative 0.0010695187165775401 0.0
cs1 0.0010695187165775401 1.8091512119399242
current 0.0010695187165775401 1.3523928094442093
data 0.009625668449197862 0.4228568508200336
days 0.0010695187165775401 2.114532861491106
denoted 0.0010695187165775401 3.367295829986474
designed 0.0042780748663101605 0.8217645583820389
developed 0.0021390374331550803 0.5488975717153985
developers 0.0010695187165775401 0.0
developments 0.0010695187165775401 2.9618307218783095
disclaimers 0.0010695187165775401 0.0
divide 0.0032085561497326204 2.8076800420510515
divides 0.0010695187165775401 4.7535901911063645
division 0.0010695187165775401 2.3556949183079943
divisor 0.0010695187165775401 3.654977902438255
done 0.0021390374331550803 1.4577533251020356
download 0.0010695187165775401 0.0
early 0.0010695187165775401 1.3196029866212184
edit 0.014973262032085561 0.0
editcommunity 0.0010695187165775401 0.0
edited 0.0010695187165775401 0.0
editors 0.0010695187165775401 0.0
education 0.0042780748663101605 1.534714366238164
educational 0.0010695187165775401 2.5563656137701454
elementary 0.0010695187165775401 3.1441522786722644
emulator 0.0010695187165775401 2.6741486494265287
en.wikipedia.org 0.0010695187165775401 0.0
encounters 0.0010695187165775401 3.654977902438255
encyclopedia 0.0010695187165775401 0.0
end 0.0042780748663101605 0.9034425893963061
england 0.0010695187165775401 3.367295829986474
english 0.0010695187165775401 0.0
error 0.0021390374331550803 1.618095975177215
eventsrandom 0.0010695187165775401 0.0
example 0.0010695187165775401 0.49091031406504926
export 0.0010695187165775401 0.0
facility 0.0021390374331550803 2.1886408336448278
february 0.0010695187165775401 0.626455806061273
file 0.0010695187165775401 0.0
filespecial 0.0010695187165775401 0.0
first 0.0021390374331550803 0.5050949490570057
following 0.0010695187165775401 0.8023464725249373
forward 0.0010695187165775401 2.3556949183079943
foundation 0.0010695187165775401 0.0
fourteen 0.0010695187165775401 4.7535901911063645
fourth 0.0010695187165775401 2.8076800420510515
frances 0.0010695187165775401 4.7535901911063645
free 0.0021390374331550803 0.0
freeware 0.0010695187165775401 2.8076800420510515
from 0.0010695187165775401 0.0
fundamental 0.0010695187165775401 2.5563656137701454
furber 0.0010695187165775401 4.7535901911063645
given 0.0074866310160427805 1.421385680931161
go 0.0010695187165775401 0.0
halt 0.0021390374331550803 4.7535901911063645
handles 0.0010695187165775401 2.5563656137701454
handling 0.0010695187165775401 1.4954936530848826
helplearn 0.0010695187165775401 0.0
hererelated 0.0010695187165775401 0.0
hide 0.0010695187165775401 0.0
history 0.0032085561497326204 0.0
https 0.0010695187165775401 0.0
ian 0.0010695187165775401 2.8076800420510515
icl 0.0032085561497326204 3.1441522786722644
icl–ces 0.0010695187165775401 4.7535901911063645
identified 0.0010695187165775401 2.6741486494265287
if 0.0021390374331550803 0.8823891801984737
in 0.0042780748663101605 0.371563556432483
inc. 0.0010695187165775401 0.0
included 0.0010695187165775401 1.1160040313799788
index.php 0.0010695187165775401 0.0
indicate 0.0010695187165775401 2.3556949183079943
informationcite 0.0010695187165775401 0.0
input 0.0021390374331550803 1.0159205728229963
install 0.0010695187165775401 3.367295829986474
instead 0.0021390374331550803 1.2272296664902032
instruction 0.0042780748663101605 2.0455399900041544
instructions 0.006417112299465241 1.7090677533829417
integer 0.0021390374331550803 1.4577533251020356
integers 0.0021390374331550803 1.8632184332102
interactive 0.0010695187165775401 1.3196029866212184
international 0.0010695187165775401 1.1426722784621401
interpreter 0.0010695187165775401 1.575536360758419
introduce 0.0010695187165775401 2.8076800420510515
introduced 0.0010695187165775401 1.198242129616951
isbn 0.0010695187165775401 0.6760527472006452
it 0.0010695187165775401 0.17887921260298179
item 0.0010695187165775401 0.0
j 0.0010695187165775401 1.4954936530848826
jacobs 0.0010695187165775401 4.7535901911063645
january 0.0010695187165775401 0.659245628884264
jineg 0.0021390374331550803 4.7535901911063645
jizero 0.0010695187165775401 4.7535901911063645
john 0.0010695187165775401 1.2272296664902032
jump 0.0053475935828877 0.0
jumps 0.0010695187165775401 2.9618307218783095
june 0.0042780748663101605 0.7646061445420904
label 0.0053475935828877 2.268683541318364
labelled 0.0032085561497326204 3.654977902438255
labels 0.0010695187165775401 2.3556949183079943
language 0.006417112299465241 0.0
languages 0.0021390374331550803 0.0
languageshistory 0.0010695187165775401 4.060443010546419
last 0.0010695187165775401 0.0
late 0.0010695187165775401 1.7578579175523736
later 0.0010695187165775401 0.9249487946172696
learn 0.0010695187165775401 0.0
letter 0.0010695187165775401 2.5563656137701454
license 0.0010695187165775401 0.0
limited 0.0010695187165775401 1.2878542883066382
line 0.008556149732620321 0.946927701336045
lines 0.0010695187165775401 1.7578579175523736
linkpage 0.0010695187165775401 0.0
links 0.0032085561497326204 0.0
literacy 0.0010695187165775401 4.7535901911063645
load 0.0042780748663101605 2.0455399900041544
location 0.017112299465240642 1.9203768470501485
locations 0.0021390374331550803 2.6741486494265287
log 0.0010695187165775401 0.0
logged 0.0010695187165775401 0.0
long 0.0010695187165775401 1.6625477377480486
loop 0.0021390374331550803 1.3862943611198906
loops 0.0010695187165775401 2.1886408336448278
main 0.0010695187165775401 0.0
mainframe 0.0010695187165775401 2.114532861491106
major 0.0010695187165775401 1.1160040313799788
mark 0.0021390374331550803 1.7090677533829417
mathematical 0.0021390374331550803 1.7578579175523736
may 0.0021390374331550803 0.0
means 0.0010695187165775401 1.534714366238164
memory 0.0010695187165775401 1.0159205728229963
message 0.0021390374331550803 0.6760527472006452
mobile 0.0010695187165775401 0.0
monsoon 0.0010695187165775401 4.7535901911063645
more 0.0021390374331550803 0.0
move 0.0010695187165775401 0.0
multiplies 0.0010695187165775401 4.7535901911063645
multiply 0.0021390374331550803 2.9618307218783095
must 0.0010695187165775401 1.198242129616951
my 0.0010695187165775401 2.6741486494265287
navigation 0.0010695187165775401 0.0
necessary 0.0010695187165775401 2.0455399900041544
negative 0.0042780748663101605 3.1441522786722644
new 0.0010695187165775401 0.5947071077466928
next 0.0010695187165775401 1.3523928094442093
no 0.0021390374331550803 1.3862943611198906
non-conditional 0.0010695187165775401 4.7535901911063645
non-negative 0.0010695187165775401 4.7535901911063645
non-profit 0.0010695187165775401 0.0
not 0.0021390374331550803 1.421385680931161
notes 0.0010695187165775401 1.3196029866212184
november 0.0021390374331550803 0.861769892995738
numeric 0.0032085561497326204 1.9810014688665833
october 0.0010695187165775401 0.7832982775542428
oldid=1141115974 0.0010695187165775401 4.7535901911063645
on 0.0021390374331550803 0.0
operand 0.0021390374331550803 2.5563656137701454
operation 0.0032085561497326204 1.8091512119399242
operations 0.0032085561497326204 1.421385680931161
organization 0.0010695187165775401 0.0
original 0.0010695187165775401 0.39688136441677296
other 0.0010695187165775401 1.1160040313799788
out 0.0021390374331550803 2.8076800420510515
output 0.0053475935828877 1.0900285449767182
p 0.0010695187165775401 1.8091512119399242
p. 0.0010695187165775401 1.0159205728229963
page 0.017112299465240642 0.0
pagecontentscurrent 0.0010695187165775401 0.0
pages 0.0106951871657754 0.0
pagespermanent 0.0010695187165775401 0.0
pagewikidata 0.0010695187165775401 0.0
paper 0.0010695187165775401 1.8632184332102
part 0.0010695187165775401 0.8023464725249373
pdf 0.0010695187165775401 0.659245628884264
pdfprintable 0.0010695187165775401 0.0
personal 0.0010695187165775401 0.0
platform 0.0010695187165775401 1.0647107369924282
policy 0.0021390374331550803 0.0
portalrecent 0.0010695187165775401 0.0
positive 0.0010695187165775401 3.1441522786722644
previous 0.0010695187165775401 1.8091512119399242
principle 0.0010695187165775401 3.1441522786722644
print 0.0053475935828877 0.0
printed 0.0042780748663101605 2.8076800420510515
printer 0.0010695187165775401 2.8076800420510515
prints 0.0042780748663101605 2.451005098112319
privacy 0.0021390374331550803 0.0
program 0.009625668449197862 0.4631307499579735
programming 0.006417112299465241 0.0
programs 0.0010695187165775401 0.6427163269330534
project 0.0021390374331550803 0.8217645583820389
provided 0.0010695187165775401 1.0647107369924282
punched 0.0010695187165775401 3.367295829986474
pupils 0.0021390374331550803 4.7535901911063645
quotes 0.0010695187165775401 2.8076800420510515
r 0.0010695187165775401 1.3196029866212184
read 0.0010695187165775401 1.4954936530848826
readeditview 0.0021390374331550803 0.0
reads 0.0010695187165775401 2.9618307218783095
real 0.0010695187165775401 2.0455399900041544
references 0.0010695187165775401 0.026202372394024117
referred 0.0010695187165775401 1.9810014688665833
registered 0.0010695187165775401 0.0
replacing 0.0010695187165775401 2.5563656137701454
require 0.0010695187165775401 1.9203768470501485
requires 0.0010695187165775401 1.575536360758419
restart 0.0010695187165775401 4.060443010546419
result 0.0042780748663101605 1.0159205728229963
results 0.0010695187165775401 1.4954936530848826
retrieved 0.006417112299465241 0.0
return 0.0032085561497326204 1.1700712526502546
returned 0.0010695187165775401 2.268683541318364
rounded 0.0021390374331550803 3.367295829986474
royal 0.0010695187165775401 2.6741486494265287
run 0.0032085561497326204 0.8023464725249373
runtime 0.0010695187165775401 1.2272296664902032
schools 0.008556149732620321 2.9618307218783095
science 0.0010695187165775401 0.946927701336045
search 0.0010695187165775401 0.0
second 0.0010695187165775401 1.2272296664902032
secondary 0.0010695187165775401 1.534714366238164
section 0.0021390374331550803 1.8091512119399242
see 0.0010695187165775401 0.4361020775700542
sent 0.0010695187165775401 2.451005098112319
separate 0.0010695187165775401 1.3196029866212184
september 0.0010695187165775401 0.9249487946172696
sewell 0.0010695187165775401 4.7535901911063645
sheet 0.0010695187165775401 4.060443010546419
sheets 0.0021390374331550803 2.9618307218783095
shut 0.0010695187165775401 3.654977902438255
sidebar 0.0021390374331550803 0.0
signed 0.0021390374331550803 2.8076800420510515
simple 0.0010695187165775401 1.1160040313799788
single 0.0021390374331550803 1.2878542883066382
site 0.0010695187165775401 0.0
six 0.0010695187165775401 2.3556949183079943
society 0.0010695187165775401 2.114532861491106
software 0.0010695187165775401 0.371563556432483
special 0.0010695187165775401 1.2878542883066382
specific 0.0010695187165775401 1.3862943611198906
start 0.0021390374331550803 1.575536360758419
starting 0.0010695187165775401 2.0455399900041544
stated 0.0010695187165775401 2.5563656137701454
statement 0.0010695187165775401 0.0
statistics 0.0010695187165775401 0.0
steve 0.0010695187165775401 2.451005098112319
storage 0.0021390374331550803 1.575536360758419
store 0.0053475935828877 1.534714366238164
stored 0.0021390374331550803 1.7090677533829417
stores 0.0010695187165775401 2.6741486494265287
string 0.0021390374331550803 1.0900285449767182
structure 0.0010695187165775401 1.2878542883066382
structures 0.0010695187165775401 1.1700712526502546
studies 0.025668449197860963 2.8076800420510515
subsection 0.0010695187165775401 0.7282385003712155
subtract 0.0021390374331550803 3.1441522786722644
subtracts 0.0010695187165775401 4.7535901911063645
supported 0.0010695187165775401 0.9249487946172696
symbols 0.0032085561497326204 1.9203768470501485
table 0.0021390374331550803 0.0
tape 0.0010695187165775401 2.8076800420510515
terminates 0.0010695187165775401 2.9618307218783095
terms 0.0021390374331550803 0.0
text 0.0042780748663101605 0.0
the 0.0106951871657754 0.03509131981127019
there 0.0010695187165775401 1.1700712526502546
third 0.0010695187165775401 1.7578579175523736
this 0.0010695187165775401 0.0
though 0.0010695187165775401 1.534714366238164
three 0.0010695187165775401 1.198242129616951
thus 0.0010695187165775401 1.0159205728229963
time 0.0010695187165775401 0.6760527472006452
timeline 0.0010695187165775401 1.4954936530848826
title 0.0010695187165775401 0.0
title=cesil 0.0010695187165775401 4.7535901911063645
toggle 0.0042780748663101605 0.0
tools 0.0042780748663101605 0.0
top 0.0032085561497326204 0.0
total 0.0074866310160427805 2.268683541318364
totals 0.0010695187165775401 4.7535901911063645
trademark 0.0010695187165775401 0.0
transfer 0.0010695187165775401 2.6741486494265287
transferred 0.0010695187165775401 3.654977902438255
transfers 0.0032085561497326204 3.654977902438255
tries 0.0010695187165775401 3.367295829986474
typically 0.0010695187165775401 1.4954936530848826
uk 0.0010695187165775401 2.3556949183079943
unconditionally 0.0010695187165775401 4.7535901911063645
upper 0.0010695187165775401 2.9618307218783095
usdonate 0.0010695187165775401 0.0
use 0.0021390374331550803 0.0
used 0.0053475935828877 0.18924199963852834
using 0.0010695187165775401 0.0
utc 0.0010695187165775401 0.0
value 0.012834224598930482 0.946927701336045
values 0.0010695187165775401 0.9923900754128022
variables 0.0010695187165775401 1.0159205728229963
version 0.0010695187165775401 0.0
vickers 0.0010695187165775401 4.7535901911063645
view 0.0010695187165775401 0.0
visual 0.0042780748663101605 0.9923900754128022
vol 0.0010695187165775401 1.8632184332102
volume 0.0010695187165775401 1.9810014688665833
w 0.0010695187165775401 0.0
way 0.0010695187165775401 0.9249487946172696
what 0.0010695187165775401 0.0
wikimedia 0.0010695187165775401 0.0
wikipedia 0.0053475935828877 0.0
wikipediacontact 0.0010695187165775401 0.0
wikipedia® 0.0010695187165775401 0.0
windows 0.0010695187165775401 0.9034425893963061
works 0.0010695187165775401 1.9203768470501485
would 0.0053475935828877 1.198242129616951
write 0.0010695187165775401 1.198242129616951
written 0.0021390374331550803 0.44952509790219486
wyrm 0.0032085561497326204 4.7535901911063645
zero 0.0053475935828877 1.7578579175523736
− 0.0010695187165775401 3.654977902438255
