.net 0.0026292725679228747 1.8091512119399242
1 0.0017528483786152498 0.05310982531394833
10 0.0017528483786152498 0.5639354490799391
10:54 0.0008764241893076249 4.7535901911063645
11 0.0026292725679228747 0.7462570058738937
14 0.0008764241893076249 0.8415671856782185
15 0.0008764241893076249 0.8217645583820389
16.1 0.0008764241893076249 4.7535901911063645
17 0.0008764241893076249 0.9923900754128022
19 0.0017528483786152498 0.9249487946172696
1991 0.0017528483786152498 1.4954936530848826
1992 0.0008764241893076249 1.6625477377480486
1993 0.0017528483786152498 1.4577533251020356
1994 0.0008764241893076249 1.9203768470501485
1995 0.0017528483786152498 1.4577533251020356
1996 0.0008764241893076249 1.8632184332102
1997 0.0008764241893076249 1.8091512119399242
1998 0.0017528483786152498 1.618095975177215
1release 0.0008764241893076249 4.7535901911063645
2 0.0035056967572304996 0.08076135664445838
2.0 0.0008764241893076249 1.7578579175523736
2.1 0.0008764241893076249 2.268683541318364
2.2 0.0008764241893076249 3.1441522786722644
2.3 0.0008764241893076249 3.1441522786722644
20 0.0008764241893076249 0.8217645583820389
2000 0.0017528483786152498 1.3523928094442093
2002 0.0008764241893076249 1.3862943611198906
2003 0.0008764241893076249 1.3196029866212184
2004 0.0008764241893076249 1.3196029866212184
2005 0.0008764241893076249 1.0900285449767182
2006 0.0008764241893076249 1.2878542883066382
2007 0.0017528483786152498 1.1700712526502546
2007a 0.0008764241893076249 4.7535901911063645
2008 0.0008764241893076249 1.2272296664902032
2010 0.0008764241893076249 0.9923900754128022
2011 0.0008764241893076249 0.9249487946172696
2013 0.0017528483786152498 0.9034425893963061
2013articles 0.0008764241893076249 4.060443010546419
2016 0.0008764241893076249 1.1700712526502546
2018 0.0008764241893076249 1.1700712526502546
2021 0.0008764241893076249 0.9034425893963061
21 0.0017528483786152498 0.9694005571881035
22 0.0008764241893076249 1.1700712526502546
2500 0.0008764241893076249 4.060443010546419
27 0.0008764241893076249 1.1160040313799788
28 0.0008764241893076249 1.198242129616951
2keysight 0.0008764241893076249 4.7535901911063645
3 0.0008764241893076249 0.16862271243579272
3.0 0.0026292725679228747 0.0
3.1 0.0017528483786152498 2.5563656137701454
3.2 0.0008764241893076249 3.367295829986474
30-day 0.0008764241893076249 4.7535901911063645
300 0.0017528483786152498 2.8076800420510515
31 0.0008764241893076249 1.3523928094442093
3data 0.0008764241893076249 3.654977902438255
4.0 0.0008764241893076249 2.6741486494265287
4.1.2 0.0008764241893076249 4.7535901911063645
4.1.3 0.0008764241893076249 4.7535901911063645
4instrument 0.0008764241893076249 4.7535901911063645
5 0.0017528483786152498 0.3591410364339258
5.0 0.0008764241893076249 2.9618307218783095
5extensive 0.0008764241893076249 4.7535901911063645
6.0 0.0008764241893076249 2.6741486494265287
6.1 0.0008764241893076249 3.367295829986474
6.2 0.0008764241893076249 3.654977902438255
6keysight 0.0008764241893076249 4.7535901911063645
7 0.0017528483786152498 0.4361020775700542
7.0 0.0008764241893076249 3.1441522786722644
7.5 0.0008764241893076249 4.060443010546419
7.54 0.0008764241893076249 4.060443010546419
7.x 0.0008764241893076249 4.060443010546419
700 0.0017528483786152498 3.367295829986474
7see 0.0008764241893076249 3.1441522786722644
8 0.0008764241893076249 0.49091031406504926
8.0 0.0008764241893076249 3.654977902438255
8.5 0.0008764241893076249 3.654977902438255
8.x 0.0017528483786152498 4.060443010546419
8references 0.0008764241893076249 3.367295829986474
9 0.0017528483786152498 0.5488975717153985
9.0 0.0008764241893076249 4.060443010546419
9.2 0.0008764241893076249 4.7535901911063645
9.3 0.0008764241893076249 4.7535901911063645
9.32 0.0008764241893076249 4.7535901911063645
9.33 0.0008764241893076249 4.7535901911063645
9.x 0.0008764241893076249 4.7535901911063645
95 0.0008764241893076249 2.1886408336448278
98 0.0008764241893076249 2.6741486494265287
98–122 0.0008764241893076249 4.7535901911063645
9external 0.0008764241893076249 3.367295829986474
a 0.008764241893076249 0.1584703409717747
a.00.00 0.0008764241893076249 4.7535901911063645
a.00.01 0.0008764241893076249 4.7535901911063645
about 0.0008764241893076249 0.0
access 0.0017528483786152498 0.946927701336045
accessing 0.0008764241893076249 2.8076800420510515
account 0.0008764241893076249 0.0
accountlog 0.0008764241893076249 0.0
acquisition 0.0008764241893076249 2.9618307218783095
across 0.0008764241893076249 0.0
activex 0.0017528483786152498 3.654977902438255
add-in 0.0008764241893076249 4.060443010546419
adding 0.0008764241893076249 0.8823891801984737
additional 0.0008764241893076249 0.0
agilent 0.0035056967572304996 4.7535901911063645
agree 0.0008764241893076249 0.0
all 0.0008764241893076249 1.2272296664902032
allow 0.0008764241893076249 1.0400181244020568
allows 0.0008764241893076249 0.8415671856782185
also 0.0026292725679228747 0.18924199963852834
although 0.0008764241893076249 1.1426722784621401
an 0.0017528483786152498 0.8023464725249373
analysis 0.0017528483786152498 1.618095975177215
applicable 0.0008764241893076249 2.5563656137701454
apply 0.0008764241893076249 0.0
apr 0.0017528483786152498 2.9618307218783095
april 0.0008764241893076249 0.7462570058738937
article 0.0008764241893076249 0.0
articleabout 0.0008764241893076249 0.0
articletalk 0.0008764241893076249 0.0
attached 0.0008764241893076249 3.1441522786722644
attribution-sharealike 0.0008764241893076249 0.0
aug 0.0008764241893076249 3.654977902438255
authority 0.0008764241893076249 1.1700712526502546
automated 0.0008764241893076249 2.268683541318364
automation 0.0017528483786152498 1.9810014688665833
available 0.0008764241893076249 0.0
b 0.0017528483786152498 0.5792029212107276
b.00.00 0.0008764241893076249 4.7535901911063645
b.01.00 0.0008764241893076249 4.7535901911063645
b.02.00 0.0008764241893076249 4.7535901911063645
b.03.00 0.0008764241893076249 4.7535901911063645
back 0.0008764241893076249 1.8091512119399242
basic 0.0008764241893076249 0.7646061445420904
bitmaps 0.0008764241893076249 4.7535901911063645
bottom 0.0008764241893076249 3.1441522786722644
branch 0.0008764241893076249 2.5563656137701454
breakpoints 0.0008764241893076249 4.060443010546419
built-in 0.0026292725679228747 1.534714366238164
by 0.0008764241893076249 0.0
c 0.0017528483786152498 0.38414233863934316
c++ 0.0008764241893076249 0.8823891801984737
call 0.0017528483786152498 1.2570826296398845
called 0.0017528483786152498 0.7462570058738937
capability 0.0017528483786152498 2.6741486494265287
cases 0.0008764241893076249 1.9203768470501485
categories 0.0017528483786152498 0.026202372394024117
changed 0.0008764241893076249 1.7090677533829417
changesupload 0.0017528483786152498 0.0
class 0.0008764241893076249 1.3196029866212184
code 0.0008764241893076249 0.3468709438421115
collector 0.0008764241893076249 2.6741486494265287
color-coding 0.0008764241893076249 4.7535901911063645
colors 0.0017528483786152498 3.367295829986474
commercial 0.0008764241893076249 1.421385680931161
common 0.0008764241893076249 0.9034425893963061
commons 0.0008764241893076249 0.0
compiler 0.0008764241893076249 0.626455806061273
completely 0.0008764241893076249 2.1886408336448278
completion 0.0017528483786152498 3.654977902438255
compliant 0.0008764241893076249 3.1441522786722644
conditional 0.0008764241893076249 1.9810014688665833
connect 0.0008764241893076249 2.8076800420510515
connected 0.008764241893076249 3.1441522786722644
connection 0.0017528483786152498 2.6741486494265287
connections 0.0017528483786152498 4.060443010546419
connectivity 0.0017528483786152498 3.654977902438255
consists 0.0017528483786152498 1.9203768470501485
contact 0.0008764241893076249 0.0
contain 0.0008764241893076249 1.7578579175523736
content 0.0008764241893076249 0.0
contents 0.0026292725679228747 0.0
contribute 0.0008764241893076249 0.0
contributionstalk 0.0008764241893076249 0.0
control 0.007887817703768623 0.49091031406504926
controls 0.0017528483786152498 2.6741486494265287
cookie 0.0008764241893076249 0.0
cost 0.0008764241893076249 2.5563656137701454
could 0.0008764241893076249 1.0900285449767182
create 0.0017528483786152498 0.0
creative 0.0008764241893076249 0.0
daq 0.0008764241893076249 4.7535901911063645
data 0.021034180543382998 0.4228568508200336
database 0.0008764241893076249 1.6625477377480486
databases 0.0008764241893076249 2.114532861491106
dataflow 0.0026292725679228747 2.6741486494265287
datatype 0.0008764241893076249 2.9618307218783095
date 0.0008764241893076249 1.6625477377480486
dates 0.0008764241893076249 1.618095975177215
debugging 0.0008764241893076249 2.268683541318364
dec 0.0017528483786152498 2.1886408336448278
dependency 0.0008764241893076249 2.6741486494265287
deploy 0.0008764241893076249 3.367295829986474
deployment 0.0017528483786152498 2.8076800420510515
descended 0.0008764241893076249 4.7535901911063645
descriptions 0.0008764241893076249 2.9618307218783095
design 0.0008764241893076249 0.8023464725249373
designated 0.0008764241893076249 3.1441522786722644
detailed 0.0008764241893076249 2.9618307218783095
determine 0.0017528483786152498 2.451005098112319
determined 0.0008764241893076249 2.8076800420510515
deutschਪੰਜਾਬੀpolski粵語中文 0.0008764241893076249 4.7535901911063645
developed 0.0017528483786152498 0.5488975717153985
developers 0.0008764241893076249 0.0
development 0.0026292725679228747 0.44952509790219486
devices 0.0035056967572304996 1.9810014688665833
dialog 0.0008764241893076249 2.5563656137701454
dialogs 0.0008764241893076249 4.060443010546419
different 0.0008764241893076249 0.39688136441677296
digital 0.0008764241893076249 1.575536360758419
direct 0.0008764241893076249 1.575536360758419
directio 0.0008764241893076249 4.7535901911063645
disclaimers 0.0008764241893076249 0.0
display 0.0008764241893076249 1.8091512119399242
dmy 0.0008764241893076249 2.114532861491106
domain-specific 0.0008764241893076249 2.268683541318364
download 0.0017528483786152498 0.0
driver 0.0008764241893076249 2.8076800420510515
drivers 0.0026292725679228747 2.6741486494265287
e-learning 0.0008764241893076249 4.7535901911063645
each 0.0017528483786152498 1.6625477377480486
edit 0.009640666082383873 0.0
editcommunity 0.0008764241893076249 0.0
edited 0.0008764241893076249 0.0
editors 0.0008764241893076249 0.0
effect 0.0008764241893076249 2.114532861491106
email 0.0008764241893076249 3.1441522786722644
emanate 0.0008764241893076249 4.7535901911063645
en 0.0008764241893076249 3.1441522786722644
en.wikipedia.org 0.0008764241893076249 0.0
encyclopedia 0.0008764241893076249 0.0
engine 0.0008764241893076249 1.3862943611198906
engineering 0.0008764241893076249 1.4954936530848826
english 0.0008764241893076249 0.0
enhance 0.0008764241893076249 2.6741486494265287
entire 0.0008764241893076249 1.7090677533829417
environment 0.0017528483786152498 0.8023464725249373
environmentlicenseproprietary 0.0008764241893076249 4.060443010546419
error 0.0052585451358457495 1.618095975177215
errors 0.0008764241893076249 1.618095975177215
eventsrandom 0.0008764241893076249 0.0
example 0.0008764241893076249 0.49091031406504926
examples 0.0008764241893076249 1.2272296664902032
excel 0.0035056967572304996 3.367295829986474
except 0.0008764241893076249 1.9810014688665833
execute 0.006134969325153374 1.7090677533829417
executed 0.0008764241893076249 1.4577533251020356
executes 0.0008764241893076249 2.114532861491106
execution 0.006134969325153374 0.9694005571881035
explanation 0.0008764241893076249 2.8076800420510515
explorer 0.0008764241893076249 2.5563656137701454
export 0.0008764241893076249 0.0
express 0.0008764241893076249 1.4954936530848826
extensive 0.0008764241893076249 2.114532861491106
external 0.0008764241893076249 0.17887921260298179
extra 0.0008764241893076249 2.451005098112319
features 0.0017528483786152498 0.4228568508200336
feb 0.0017528483786152498 3.1441522786722644
file 0.0017528483786152498 0.0
filespecial 0.0008764241893076249 0.0
finishes 0.0008764241893076249 3.654977902438255
fire 0.0008764241893076249 3.1441522786722644
first 0.0017528483786152498 0.5050949490570057
flow 0.0026292725679228747 1.421385680931161
flows 0.0017528483786152498 4.060443010546419
followed 0.0008764241893076249 1.8091512119399242
following 0.0008764241893076249 0.8023464725249373
fonts 0.0008764241893076249 2.6741486494265287
for 0.0017528483786152498 0.5639354490799391
force 0.0008764241893076249 2.3556949183079943
formula 0.0008764241893076249 3.1441522786722644
forums 0.0008764241893076249 3.1441522786722644
found 0.0008764241893076249 1.4577533251020356
foundation 0.0008764241893076249 0.0
framework 0.0017528483786152498 1.4577533251020356
free 0.0017528483786152498 0.0
from 0.0008764241893076249 0.0
functions 0.0026292725679228747 0.7105389232718146
general 0.0008764241893076249 0.861769892995738
generate 0.0008764241893076249 1.421385680931161
generators 0.0008764241893076249 2.1886408336448278
go 0.0008764241893076249 0.0
govern 0.0008764241893076249 4.7535901911063645
gpib 0.0008764241893076249 4.7535901911063645
graphical 0.0017528483786152498 1.9810014688665833
greenbaum 0.0008764241893076249 4.7535901911063645
gui 0.0026292725679228747 1.7578579175523736
hand 0.0008764241893076249 2.5563656137701454
helplearn 0.0008764241893076249 0.0
hererelated 0.0008764241893076249 0.0
hewlett-packard 0.0008764241893076249 3.654977902438255
hide 0.0008764241893076249 0.0
history 0.0035056967572304996 0.0
hold 0.0008764241893076249 1.9203768470501485
hotkeys 0.0008764241893076249 4.060443010546419
hp 0.0035056967572304996 2.9618307218783095
hp-ux 0.0026292725679228747 2.9618307218783095
https 0.0008764241893076249 0.0
i 0.0008764241893076249 1.1160040313799788
ide 0.0008764241893076249 1.4954936530848826
identifiers 0.0008764241893076249 1.1426722784621401
identifiersarticles 0.0008764241893076249 1.2272296664902032
if 0.0026292725679228747 0.8823891801984737
in 0.0017528483786152498 0.371563556432483
inc. 0.0008764241893076249 0.0
index.php 0.0008764241893076249 0.0
indicators 0.0008764241893076249 4.7535901911063645
industries 0.0008764241893076249 3.1441522786722644
informationcite 0.0008764241893076249 0.0
input 0.013146362839614373 1.0159205728229963
inputs 0.0017528483786152498 3.367295829986474
instead 0.0008764241893076249 1.2272296664902032
instrument 0.0035056967572304996 3.367295829986474
instrumentation 0.0017528483786152498 4.7535901911063645
instruments 0.0008764241893076249 2.9618307218783095
integrated 0.0008764241893076249 1.2272296664902032
interact 0.0008764241893076249 2.8076800420510515
interaction 0.0008764241893076249 2.3556949183079943
interface 0.0008764241893076249 0.946927701336045
interfaces 0.0017528483786152498 1.4954936530848826
internal 0.0008764241893076249 1.534714366238164
interoperability 0.0017528483786152498 3.1441522786722644
io 0.0008764241893076249 3.367295829986474
israel 0.0008764241893076249 1.3523928094442093
it 0.0017528483786152498 0.17887921260298179
item 0.0008764241893076249 0.0
ivi-com 0.0017528483786152498 4.7535901911063645
j9u 0.0008764241893076249 1.3523928094442093
jan 0.0008764241893076249 2.6741486494265287
jefferson 0.0008764241893076249 4.7535901911063645
journal 0.0008764241893076249 1.2272296664902032
jul 0.0008764241893076249 3.654977902438255
july 0.0008764241893076249 0.9249487946172696
jump 0.0008764241893076249 0.0
jun 0.0008764241893076249 4.060443010546419
junction 0.0008764241893076249 4.7535901911063645
key 0.0008764241893076249 1.3523928094442093
keysight 0.020157756354075372 4.7535901911063645
knobx 0.0008764241893076249 4.7535901911063645
labview 0.0008764241893076249 3.654977902438255
lan 0.0017528483786152498 4.7535901911063645
language 0.0026292725679228747 0.0
languages 0.0035056967572304996 0.0
languageshidden 0.0008764241893076249 1.3523928094442093
languagesvisual 0.0008764241893076249 4.7535901911063645
last 0.0008764241893076249 0.0
later 0.0008764241893076249 0.9249487946172696
lccn 0.0008764241893076249 1.3196029866212184
learn 0.0008764241893076249 0.0
left 0.0035056967572304996 1.6625477377480486
libraries 0.0026292725679228747 0.6931471805599453
library 0.0008764241893076249 0.6760527472006452
license 0.0017528483786152498 0.0
licensing 0.0017528483786152498 2.9618307218783095
lifecycle 0.0008764241893076249 3.654977902438255
like 0.0026292725679228747 0.5340824859302579
limitations 0.0008764241893076249 2.6741486494265287
line 0.0008764241893076249 0.946927701336045
lines 0.0008764241893076249 1.7578579175523736
linkpage 0.0008764241893076249 0.0
links 0.0043821209465381246 0.0
list 0.0008764241893076249 0.5639354490799391
lite 0.0008764241893076249 4.060443010546419
locked 0.0017528483786152498 4.060443010546419
log 0.0008764241893076249 0.0
logged 0.0008764241893076249 0.0
lxi 0.0008764241893076249 4.060443010546419
made 0.0008764241893076249 1.0400181244020568
main 0.0008764241893076249 0.0
major 0.0008764241893076249 1.1160040313799788
manager 0.0008764241893076249 1.9810014688665833
manufacturing 0.0008764241893076249 4.060443010546419
mar 0.0035056967572304996 3.367295829986474
matlab 0.0052585451358457495 1.9203768470501485
may 0.006134969325153374 0.0
mdi 0.0008764241893076249 4.060443010546419
measurement 0.0017528483786152498 3.654977902438255
microsoft 0.0035056967572304996 1.1160040313799788
minimap 0.0008764241893076249 4.7535901911063645
mobile 0.0008764241893076249 0.0
modern 0.0008764241893076249 1.4577533251020356
monitor 0.0008764241893076249 2.451005098112319
more 0.0008764241893076249 0.0
move 0.0008764241893076249 0.0
multicore 0.0008764241893076249 4.060443010546419
multiline 0.0008764241893076249 4.7535901911063645
multiple 0.0026292725679228747 0.8217645583820389
multithread 0.0008764241893076249 4.7535901911063645
multitude 0.0008764241893076249 4.060443010546419
must 0.0008764241893076249 1.198242129616951
namely 0.0008764241893076249 3.367295829986474
national 0.0008764241893076249 0.9249487946172696
navigation 0.0008764241893076249 0.0
ni 0.0008764241893076249 4.060443010546419
ni-daqmx 0.0008764241893076249 4.7535901911063645
no 0.0008764241893076249 1.3862943611198906
node 0.0017528483786152498 2.6741486494265287
non-keysight 0.0008764241893076249 4.7535901911063645
non-primitive 0.0008764241893076249 4.060443010546419
non-profit 0.0008764241893076249 0.0
notable 0.0008764241893076249 1.8091512119399242
nov 0.0017528483786152498 3.367295829986474
nt 0.0008764241893076249 3.654977902438255
number 0.0008764241893076249 0.8823891801984737
o 0.0008764241893076249 1.198242129616951
object 0.019281332164767746 0.7646061445420904
objects 0.008764241893076249 1.1426722784621401
occurs 0.0008764241893076249 2.6741486494265287
oct 0.0017528483786152498 2.8076800420510515
october 0.0008764241893076249 0.7832982775542428
officially 0.0008764241893076249 2.3556949183079943
oldid=1049019946 0.0008764241893076249 4.7535901911063645
on 0.0017528483786152498 0.0
one 0.0008764241893076249 0.44952509790219486
onelab 0.0008764241893076249 4.7535901911063645
operate 0.0017528483786152498 2.8076800420510515
operation 0.0008764241893076249 1.8091512119399242
operators 0.0008764241893076249 1.2570826296398845
optimized 0.0008764241893076249 2.8076800420510515
order 0.0035056967572304996 1.421385680931161
organization 0.0008764241893076249 0.0
originally 0.0008764241893076249 0.9923900754128022
oscilloscopes 0.0008764241893076249 4.7535901911063645
other 0.0008764241893076249 1.1160040313799788
output 0.009640666082383873 1.0900285449767182
page 0.0017528483786152498 0.0
pagecontentscurrent 0.0008764241893076249 0.0
pages 0.0008764241893076249 0.0
pagespermanent 0.0008764241893076249 0.0
pagewikidata 0.0008764241893076249 0.0
panel 0.0026292725679228747 3.367295829986474
panels 0.0026292725679228747 4.7535901911063645
panning 0.0008764241893076249 4.7535901911063645
pci 0.0008764241893076249 4.7535901911063645
pdf 0.0008764241893076249 0.659245628884264
pdfprintable 0.0008764241893076249 0.0
perform 0.0008764241893076249 1.534714366238164
performance 0.0017528483786152498 1.4954936530848826
personal 0.0008764241893076249 0.0
pin 0.017528483786152498 3.654977902438255
pinged 0.0008764241893076249 4.7535901911063645
pins 0.022787028921998246 4.7535901911063645
place 0.0008764241893076249 1.534714366238164
placed 0.0017528483786152498 2.268683541318364
platforms 0.0008764241893076249 1.3196029866212184
play 0.0017528483786152498 2.3556949183079943
plug 0.0008764241893076249 4.060443010546419
policy 0.0017528483786152498 0.0
portal 0.0008764241893076249 1.4954936530848826
portalrecent 0.0008764241893076249 0.0
ported 0.0017528483786152498 2.114532861491106
possible 0.0017528483786152498 1.3196029866212184
power 0.0008764241893076249 1.534714366238164
present 0.0035056967572304996 1.7090677533829417
presumably 0.0008764241893076249 4.060443010546419
print 0.0008764241893076249 0.0
privacy 0.0017528483786152498 0.0
private 0.0008764241893076249 2.0455399900041544
pro 0.0017528483786152498 2.5563656137701454
processing 0.0008764241893076249 0.946927701336045
product 0.0026292725679228747 1.575536360758419
program 0.0043821209465381246 0.4631307499579735
programmable 0.0008764241893076249 3.367295829986474
programmatic 0.0008764241893076249 4.060443010546419
programming 0.006134969325153374 0.0
programs 0.0026292725679228747 0.6427163269330534
propagated 0.0008764241893076249 4.7535901911063645
propagates 0.0008764241893076249 4.7535901911063645
propagation 0.0043821209465381246 3.367295829986474
provides 0.0017528483786152498 0.9249487946172696
pxi 0.0017528483786152498 4.7535901911063645
readeditview 0.0017528483786152498 0.0
real32 0.0008764241893076249 4.7535901911063645
redirected 0.0008764241893076249 1.7578579175523736
references 0.0017528483786152498 0.026202372394024117
referred 0.0008764241893076249 1.9810014688665833
regardless 0.0008764241893076249 4.060443010546419
registered 0.0008764241893076249 0.0
release 0.0052585451358457495 0.8823891801984737
renamed 0.0008764241893076249 2.1886408336448278
reporting 0.0008764241893076249 2.6741486494265287
reports 0.0008764241893076249 2.268683541318364
requiring 0.0008764241893076249 2.8076800420510515
resize 0.0008764241893076249 3.654977902438255
result 0.0008764241893076249 1.0159205728229963
results 0.0008764241893076249 1.4954936530848826
retrieve 0.0008764241893076249 3.367295829986474
retrieved 0.0008764241893076249 0.0
rewritten 0.0008764241893076249 2.1886408336448278
right 0.0017528483786152498 1.7578579175523736
rs-232 0.0008764241893076249 4.7535901911063645
rule 0.0008764241893076249 1.7578579175523736
runtime 0.0052585451358457495 1.2272296664902032
same 0.0008764241893076249 3.367295829986474
save 0.0008764241893076249 2.3556949183079943
savepanelimage 0.0008764241893076249 4.7535901911063645
scpi 0.0017528483786152498 4.7535901911063645
search 0.0008764241893076249 0.0
section 0.0008764241893076249 1.8091512119399242
see 0.0008764241893076249 0.4361020775700542
sep 0.0008764241893076249 3.1441522786722644
sequence 0.011393514460999123 1.8632184332102
series 0.0035056967572304996 1.4954936530848826
server 0.0008764241893076249 1.4954936530848826
serving 0.0008764241893076249 4.7535901911063645
several 0.0008764241893076249 0.7282385003712155
shown 0.0008764241893076249 1.7090677533829417
side 0.0008764241893076249 1.9810014688665833
sidebar 0.0017528483786152498 0.0
signal 0.0017528483786152498 2.114532861491106
since 0.0008764241893076249 0.9249487946172696
single 0.0008764241893076249 1.2878542883066382
site 0.0008764241893076249 0.0
software 0.0026292725679228747 0.371563556432483
softwarewebsitehttps 0.0008764241893076249 4.7535901911063645
some 0.0008764241893076249 1.4577533251020356
sometimes 0.0008764241893076249 2.0455399900041544
soon 0.0008764241893076249 3.367295829986474
source 0.0008764241893076249 0.659245628884264
specify 0.0008764241893076249 1.8632184332102
spreadsheets 0.0008764241893076249 3.367295829986474
stack 0.0008764241893076249 1.575536360758419
stage 0.0008764241893076249 3.654977902438255
stanley 0.0008764241893076249 3.1441522786722644
state 0.0008764241893076249 1.421385680931161
statement 0.0008764241893076249 0.0
states 0.0008764241893076249 1.0400181244020568
statistics 0.0008764241893076249 0.0
steven 0.0008764241893076249 2.9618307218783095
stood 0.0008764241893076249 3.367295829986474
students 0.0008764241893076249 2.3556949183079943
suite 0.0008764241893076249 1.9203768470501485
sunos 0.0008764241893076249 3.654977902438255
supplies 0.0008764241893076249 3.654977902438255
support 0.009640666082383873 0.5194836865091053
supportability 0.0017528483786152498 4.7535901911063645
supporting 0.0008764241893076249 1.8632184332102
supports 0.0017528483786152498 0.8415671856782185
switched 0.0008764241893076249 3.1441522786722644
systemmicrosoft 0.0008764241893076249 3.654977902438255
table 0.0017528483786152498 0.0
taken 0.0008764241893076249 1.9810014688665833
technologies 0.0043821209465381246 1.7090677533829417
technologiesoperating 0.0008764241893076249 4.7535901911063645
terms 0.0017528483786152498 0.0
test 0.0026292725679228747 1.8632184332102
text 0.0008764241893076249 0.0
the 0.0026292725679228747 0.03509131981127019
these 0.0008764241893076249 1.1700712526502546
this 0.0017528483786152498 0.0
time 0.0008764241893076249 0.6760527472006452
title 0.0008764241893076249 0.0
title=keysight_vee 0.0008764241893076249 4.7535901911063645
toggle 0.0026292725679228747 0.0
toolbar 0.0008764241893076249 3.1441522786722644
toolbox 0.0008764241893076249 3.654977902438255
tools 0.0017528483786152498 0.0
top 0.0035056967572304996 0.0
trademark 0.0008764241893076249 0.0
transition 0.0008764241893076249 2.6741486494265287
trap 0.0008764241893076249 4.060443010546419
trial 0.0008764241893076249 3.654977902438255
two 0.0008764241893076249 0.6931471805599453
types 0.0008764241893076249 0.7462570058738937
unconnected 0.0026292725679228747 4.7535901911063645
undo 0.0008764241893076249 4.7535901911063645
united 0.0008764241893076249 1.0647107369924282
unlimited 0.0008764241893076249 3.654977902438255
us 0.0008764241893076249 1.7090677533829417
usage 0.0008764241893076249 2.0455399900041544
usb 0.0026292725679228747 3.1441522786722644
usdonate 0.0008764241893076249 0.0
use 0.0017528483786152498 0.0
used 0.0043821209465381246 0.18924199963852834
user 0.0008764241893076249 0.8415671856782185
userfunctions 0.0017528483786152498 4.7535901911063645
users 0.0008764241893076249 1.0400181244020568
uses 0.0008764241893076249 0.7832982775542428
using 0.0017528483786152498 0.0
utc 0.0008764241893076249 0.0
validation 0.0008764241893076249 2.8076800420510515
value 0.0017528483786152498 0.946927701336045
values 0.0008764241893076249 0.9923900754128022
variety 0.0008764241893076249 2.1886408336448278
various 0.0008764241893076249 1.3862943611198906
vee 0.028045574057843997 4.7535901911063645
vee-pro-9-33.html 0.0008764241893076249 4.7535901911063645
veedeveloper 0.0008764241893076249 4.7535901911063645
version 0.0026292725679228747 0.0
versions 0.0008764241893076249 1.1426722784621401
via 0.0026292725679228747 1.0400181244020568
view 0.0008764241893076249 0.0
virtual 0.0008764241893076249 1.1426722784621401
vista 0.0008764241893076249 4.7535901911063645
visual 0.0026292725679228747 0.9923900754128022
visualization 0.0008764241893076249 3.367295829986474
voltmeters 0.0008764241893076249 4.7535901911063645
vxi 0.0017528483786152498 4.7535901911063645
vxiplug 0.0008764241893076249 4.7535901911063645
w 0.0008764241893076249 0.0
w4000d 0.0008764241893076249 4.7535901911063645
watch 0.0008764241893076249 3.1441522786722644
web 0.0008764241893076249 0.946927701336045
what 0.0008764241893076249 0.0
when 0.0035056967572304996 1.1700712526502546
whereas 0.0017528483786152498 2.114532861491106
whether 0.0008764241893076249 2.114532861491106
widely 0.0008764241893076249 1.6625477377480486
wikimedia 0.0008764241893076249 0.0
wikipedia 0.0043821209465381246 0.0
wikipediacontact 0.0008764241893076249 0.0
wikipedia® 0.0008764241893076249 0.0
window 0.0008764241893076249 2.1886408336448278
windows 0.009640666082383873 0.9034425893963061
windowstypeintegrated 0.0008764241893076249 4.7535901911063645
within 0.0008764241893076249 1.0159205728229963
without 0.0008764241893076249 0.9249487946172696
workspace 0.0008764241893076249 3.1441522786722644
www.keysight.com 0.0008764241893076249 4.7535901911063645
xeq 0.0008764241893076249 4.7535901911063645
xp 0.0008764241893076249 3.367295829986474
