+ 0.0023408239700374533 0.9923900754128022
-main 0.00046816479400749064 4.7535901911063645
... 0.00046816479400749064 1.0400181244020568
.add 0.0007022471910112359 4.7535901911063645
.clj 0.00023408239700374532 4.7535901911063645
.cljc 0.00023408239700374532 4.7535901911063645
.cljs 0.00023408239700374532 4.7535901911063645
.edn 0.00023408239700374532 4.7535901911063645
.net 0.0011704119850187266 1.8091512119399242
.put 0.00046816479400749064 4.7535901911063645
.touppercase 0.00023408239700374532 4.7535901911063645
0 0.00046816479400749064 0.9034425893963061
03:24 0.00023408239700374532 4.7535901911063645
1 0.006554307116104869 0.05310982531394833
1,060 0.00023408239700374532 4.7535901911063645
1.0 0.0007022471910112359 2.114532861491106
1.1 0.00046816479400749064 2.9618307218783095
1.10 0.00046816479400749064 4.7535901911063645
1.10.1 0.00046816479400749064 4.7535901911063645
1.10.2 0.00046816479400749064 4.7535901911063645
1.10.3 0.00046816479400749064 4.7535901911063645
1.11.0 0.00046816479400749064 4.060443010546419
1.11.1 0.00046816479400749064 4.7535901911063645
1.2 0.00046816479400749064 2.8076800420510515
1.3 0.00046816479400749064 3.654977902438255
1.4 0.00046816479400749064 3.654977902438255
1.5 0.0007022471910112359 2.6741486494265287
1.5.1 0.00046816479400749064 4.7535901911063645
1.6 0.00046816479400749064 3.654977902438255
1.7 0.0007022471910112359 3.654977902438255
1.8 0.00046816479400749064 4.060443010546419
1.9 0.0009363295880149813 4.7535901911063645
10 0.003979400749063671 0.5639354490799391
100 0.0007022471910112359 1.9810014688665833
1000 0.00046816479400749064 1.9810014688665833
100000 0.00023408239700374532 4.7535901911063645
101 0.00023408239700374532 2.9618307218783095
102 0.00023408239700374532 3.1441522786722644
103 0.00023408239700374532 3.1441522786722644
104 0.00023408239700374532 3.1441522786722644
105 0.00023408239700374532 3.1441522786722644
106 0.00023408239700374532 3.1441522786722644
107 0.00023408239700374532 3.367295829986474
108 0.00023408239700374532 3.367295829986474
109 0.00023408239700374532 3.367295829986474
10references 0.00023408239700374532 3.654977902438255
10th 0.00023408239700374532 2.8076800420510515
11 0.0007022471910112359 0.7462570058738937
110 0.00023408239700374532 3.367295829986474
111 0.00023408239700374532 2.8076800420510515
112 0.00023408239700374532 3.367295829986474
113 0.00023408239700374532 3.367295829986474
114 0.00023408239700374532 3.1441522786722644
115 0.00023408239700374532 3.367295829986474
116 0.00023408239700374532 3.367295829986474
117 0.00023408239700374532 3.1441522786722644
118 0.00023408239700374532 3.367295829986474
119 0.00023408239700374532 3.367295829986474
11further 0.00023408239700374532 4.7535901911063645
12 0.00046816479400749064 0.7105389232718146
12+33 0.00023408239700374532 4.7535901911063645
120 0.00023408239700374532 2.6741486494265287
121 0.00023408239700374532 3.367295829986474
122 0.00023408239700374532 2.9618307218783095
123 0.00046816479400749064 3.1441522786722644
124 0.00023408239700374532 3.367295829986474
125 0.00023408239700374532 3.1441522786722644
126 0.00023408239700374532 3.367295829986474
127 0.00023408239700374532 3.367295829986474
128 0.00023408239700374532 2.451005098112319
129 0.00023408239700374532 3.367295829986474
12external 0.00023408239700374532 4.060443010546419
13 0.00046816479400749064 0.861769892995738
130 0.00023408239700374532 3.367295829986474
131 0.00023408239700374532 3.367295829986474
132 0.00023408239700374532 3.367295829986474
133 0.00023408239700374532 3.367295829986474
134 0.00023408239700374532 3.367295829986474
139 0.00023408239700374532 3.1441522786722644
14 0.00046816479400749064 0.8415671856782185
15 0.0007022471910112359 0.8217645583820389
16 0.0016385767790262173 0.9034425893963061
17 0.0011704119850187266 0.9923900754128022
18 0.0007022471910112359 1.1426722784621401
19 0.0014044943820224719 0.9249487946172696
1955 0.00023408239700374532 3.1441522786722644
1960 0.00023408239700374532 2.5563656137701454
1965 0.00023408239700374532 2.5563656137701454
1970 0.00023408239700374532 2.3556949183079943
1975 0.00023408239700374532 2.0455399900041544
1980 0.00023408239700374532 2.114532861491106
1985 0.00023408239700374532 1.4577533251020356
1990 0.00023408239700374532 1.6625477377480486
1995 0.00023408239700374532 1.4577533251020356
1history 0.00023408239700374532 1.4954936530848826
1–46 0.00023408239700374532 4.060443010546419
2 0.0032771535580524347 0.08076135664445838
2,445 0.00023408239700374532 4.7535901911063645
20 0.00023408239700374532 0.8217645583820389
2000 0.00023408239700374532 1.3523928094442093
2002-10-16 0.00023408239700374532 4.7535901911063645
2005 0.00023408239700374532 1.0900285449767182
2007 0.0009363295880149813 1.1700712526502546
2007-07-12 0.00023408239700374532 4.7535901911063645
2007-10-17 0.00023408239700374532 4.7535901911063645
2007scripting 0.00023408239700374532 4.7535901911063645
2009 0.00046816479400749064 1.1160040313799788
2009-01-05 0.00023408239700374532 4.7535901911063645
2009-02-11 0.00023408239700374532 4.7535901911063645
2009-05-04 0.00046816479400749064 4.7535901911063645
2009-08-10 0.00023408239700374532 4.7535901911063645
2009-10-06 0.00023408239700374532 4.7535901911063645
2009-12-31 0.00046816479400749064 4.7535901911063645
2010 0.0009363295880149813 0.9923900754128022
2010-04-01 0.00023408239700374532 4.7535901911063645
2010-08-19 0.00046816479400749064 4.7535901911063645
2011 0.00046816479400749064 0.9249487946172696
2011-09-23 0.00046816479400749064 4.7535901911063645
2012 0.0009363295880149813 1.3196029866212184
2012-03-22 0.00023408239700374532 4.7535901911063645
2012-04-15 0.00023408239700374532 4.7535901911063645
2012-04-17 0.00023408239700374532 4.7535901911063645
2012-06-28 0.00023408239700374532 4.7535901911063645
2013 0.0011704119850187266 0.9034425893963061
2013-03-01 0.00046816479400749064 4.7535901911063645
2013-03-07 0.00023408239700374532 4.7535901911063645
2013-03-10 0.00046816479400749064 4.7535901911063645
2013-04-03 0.00023408239700374532 4.7535901911063645
2013-04-15 0.00023408239700374532 4.7535901911063645
2013-04-30 0.00023408239700374532 4.7535901911063645
2013-06-28 0.00023408239700374532 4.7535901911063645
2013-11-18 0.00023408239700374532 4.7535901911063645
2014 0.0011704119850187266 1.2272296664902032
2014-01-17 0.00023408239700374532 4.7535901911063645
2014-03-25 0.00046816479400749064 4.060443010546419
2014-04-11 0.00023408239700374532 4.7535901911063645
2014-08-03 0.00023408239700374532 4.7535901911063645
2014-08-06 0.00023408239700374532 4.7535901911063645
2014-09-17 0.00023408239700374532 4.7535901911063645
2014-11-20 0.00046816479400749064 4.060443010546419
2014-11-21 0.00023408239700374532 4.7535901911063645
2015 0.002106741573033708 1.1160040313799788
2015-05-06 0.00023408239700374532 4.7535901911063645
2015-06-30 0.00046816479400749064 4.7535901911063645
2015-07-07 0.00023408239700374532 4.7535901911063645
2015-07-14 0.00023408239700374532 4.7535901911063645
2015-09-17 0.00023408239700374532 4.7535901911063645
2016 0.00023408239700374532 1.1700712526502546
2016-01-19 0.00046816479400749064 4.7535901911063645
2016-01-28 0.00023408239700374532 4.7535901911063645
2016-05-06 0.00023408239700374532 4.7535901911063645
2016-10-04 0.00023408239700374532 4.7535901911063645
2016-10-11 0.00023408239700374532 4.7535901911063645
2016-12-13 0.00023408239700374532 4.7535901911063645
2017 0.00023408239700374532 1.198242129616951
2017-01-11 0.00023408239700374532 4.7535901911063645
2017-04-26 0.00023408239700374532 4.7535901911063645
2017-07-11 0.00023408239700374532 4.7535901911063645
2017-10-03 0.00023408239700374532 4.7535901911063645
2017-12-08 0.0007022471910112359 4.7535901911063645
2017-12-17 0.00023408239700374532 4.7535901911063645
2018 0.0014044943820224719 1.1700712526502546
2018-02-04 0.00023408239700374532 4.7535901911063645
2018-08-01 0.00023408239700374532 4.7535901911063645
2018-08-14 0.00023408239700374532 4.7535901911063645
2018-10-17 0.00023408239700374532 4.7535901911063645
2018-10-27 0.00023408239700374532 4.7535901911063645
2018-10-29 0.00023408239700374532 4.7535901911063645
2018-11-26 0.00023408239700374532 4.7535901911063645
2018-11-29 0.00023408239700374532 4.7535901911063645
2018-12-04 0.00023408239700374532 4.7535901911063645
2018-12-17 0.00046816479400749064 4.7535901911063645
2019 0.00046816479400749064 1.1700712526502546
2019-02-04 0.00023408239700374532 4.7535901911063645
2019-02-10 0.00046816479400749064 4.060443010546419
2019-06-06 0.00046816479400749064 4.7535901911063645
2019-07-05 0.0011704119850187266 4.7535901911063645
2019-07-06 0.003745318352059925 4.7535901911063645
2019-07-07 0.005852059925093633 4.7535901911063645
2019-07-08 0.00046816479400749064 4.7535901911063645
2019-08-19 0.00023408239700374532 4.7535901911063645
2019-08-22 0.00023408239700374532 4.7535901911063645
2019-08-26 0.00023408239700374532 4.7535901911063645
2019-11-06 0.00023408239700374532 4.7535901911063645
2019-11-09 0.00023408239700374532 4.7535901911063645
2020 0.00046816479400749064 1.1426722784621401
2020-03-13 0.00023408239700374532 4.7535901911063645
2020-03-20 0.00023408239700374532 4.060443010546419
2020-05-24 0.0007022471910112359 4.7535901911063645
2020-06-12 0.00023408239700374532 4.7535901911063645
2020-08-06 0.00023408239700374532 4.7535901911063645
2021 0.00046816479400749064 0.9034425893963061
2021-01-26 0.00046816479400749064 4.060443010546419
2021-01-28 0.00023408239700374532 4.7535901911063645
2021-03-04 0.00046816479400749064 4.7535901911063645
2022 0.0007022471910112359 0.47692407209030935
2022-03-17 0.00023408239700374532 4.7535901911063645
2022-03-22 0.00046816479400749064 4.7535901911063645
2022-04-05 0.0007022471910112359 4.7535901911063645
2022-04-27 0.00023408239700374532 4.060443010546419
2022-05-06 0.00023408239700374532 4.7535901911063645
2022-05-07 0.00023408239700374532 4.7535901911063645
2022-08-17 0.00023408239700374532 4.7535901911063645
2022-12-16 0.0009363295880149813 4.7535901911063645
2023 0.00023408239700374532 0.7282385003712155
2023-02-18 0.0007022471910112359 4.7535901911063645
21 0.00046816479400749064 0.9694005571881035
216 0.00023408239700374532 2.8076800420510515
219603760 0.00023408239700374532 4.7535901911063645
22 0.0007022471910112359 1.1700712526502546
228 0.00023408239700374532 2.8076800420510515
23 0.00046816479400749064 1.0647107369924282
24 0.00046816479400749064 1.1700712526502546
242 0.00023408239700374532 4.7535901911063645
25 0.00046816479400749064 0.9923900754128022
26 0.00046816479400749064 1.0647107369924282
27 0.00023408239700374532 1.1160040313799788
273 0.00023408239700374532 4.060443010546419
28 0.00046816479400749064 1.198242129616951
289 0.00023408239700374532 4.060443010546419
29 0.00046816479400749064 1.1700712526502546
2design 0.00023408239700374532 4.7535901911063645
2nd 0.0009363295880149813 2.268683541318364
3 0.0025749063670411983 0.16862271243579272
3.0 0.00023408239700374532 0.0
3.14 0.00023408239700374532 4.7535901911063645
30 0.0007022471910112359 1.1700712526502546
31 0.00046816479400749064 1.3523928094442093
318 0.00023408239700374532 4.7535901911063645
32 0.0007022471910112359 1.575536360758419
33 0.00023408239700374532 1.7578579175523736
3386321 0.00023408239700374532 4.7535901911063645
34 0.00023408239700374532 1.9810014688665833
35 0.00023408239700374532 1.8632184332102
355 0.00023408239700374532 4.060443010546419
36 0.00023408239700374532 1.7578579175523736
37 0.00023408239700374532 1.9810014688665833
379 0.00023408239700374532 3.654977902438255
38 0.00023408239700374532 1.8632184332102
382 0.00023408239700374532 4.7535901911063645
39 0.00023408239700374532 2.0455399900041544
394 0.00023408239700374532 4.7535901911063645
3language 0.00023408239700374532 4.7535901911063645
3rd 0.00046816479400749064 2.5563656137701454
4 0.0018726591760299626 0.2992428948528569
40 0.00023408239700374532 1.8632184332102
41 0.00046816479400749064 2.268683541318364
42 0.0014044943820224719 2.268683541318364
43 0.00023408239700374532 2.1886408336448278
44 0.00023408239700374532 2.114532861491106
45 0.00046816479400749064 2.1886408336448278
46 0.00023408239700374532 2.268683541318364
466 0.00023408239700374532 4.7535901911063645
47 0.00046816479400749064 2.268683541318364
471 0.00023408239700374532 4.7535901911063645
48 0.00046816479400749064 2.0455399900041544
484 0.00023408239700374532 4.7535901911063645
49 0.00046816479400749064 2.268683541318364
4extensible 0.00023408239700374532 4.7535901911063645
5 0.0011704119850187266 0.3591410364339258
5.1other 0.00023408239700374532 4.7535901911063645
50 0.00046816479400749064 2.114532861491106
51 0.0007022471910112359 2.268683541318364
52 0.0007022471910112359 2.3556949183079943
53 0.00046816479400749064 2.3556949183079943
54 0.00023408239700374532 2.268683541318364
55 0.00046816479400749064 2.1886408336448278
56 0.00023408239700374532 2.451005098112319
57 0.00023408239700374532 2.268683541318364
58 0.00023408239700374532 2.0455399900041544
59 0.00023408239700374532 2.451005098112319
592 0.00023408239700374532 4.7535901911063645
596 0.00023408239700374532 4.7535901911063645
5alternative 0.00023408239700374532 4.7535901911063645
6 0.0014044943820224719 0.4097847692526808
60 0.00023408239700374532 1.4954936530848826
61 0.00023408239700374532 2.5563656137701454
619 0.00023408239700374532 4.7535901911063645
62 0.00023408239700374532 2.3556949183079943
622 0.00023408239700374532 4.7535901911063645
63 0.00023408239700374532 2.3556949183079943
639 0.00023408239700374532 2.8076800420510515
64 0.00023408239700374532 1.9810014688665833
65 0.00023408239700374532 2.451005098112319
651 0.00023408239700374532 4.7535901911063645
66 0.00046816479400749064 2.1886408336448278
67 0.00023408239700374532 2.451005098112319
68 0.00023408239700374532 1.8091512119399242
69 0.00023408239700374532 2.6741486494265287
6popularity 0.00023408239700374532 4.7535901911063645
7 0.0007022471910112359 0.4361020775700542
70 0.00023408239700374532 2.268683541318364
71 0.00023408239700374532 2.5563656137701454
72 0.00023408239700374532 2.3556949183079943
73 0.00023408239700374532 2.8076800420510515
74 0.00023408239700374532 2.6741486494265287
75 0.00046816479400749064 2.5563656137701454
76 0.00023408239700374532 2.5563656137701454
77 0.00023408239700374532 2.8076800420510515
778 0.00023408239700374532 4.7535901911063645
78 0.00023408239700374532 2.8076800420510515
79 0.00023408239700374532 2.9618307218783095
7tools 0.00023408239700374532 4.7535901911063645
8 0.0016385767790262173 0.49091031406504926
8.1simplicity 0.00023408239700374532 4.7535901911063645
8.2programming 0.00023408239700374532 4.7535901911063645
8.3names 0.00023408239700374532 4.7535901911063645
8.4code 0.00023408239700374532 4.7535901911063645
8.5expressive 0.00023408239700374532 4.7535901911063645
8.6thread-safe 0.00023408239700374532 4.7535901911063645
8.7macros 0.00023408239700374532 4.7535901911063645
8.8language 0.00023408239700374532 4.7535901911063645
8.9software 0.00023408239700374532 4.7535901911063645
80 0.00023408239700374532 2.1886408336448278
804 0.00023408239700374532 4.7535901911063645
808 0.00023408239700374532 4.7535901911063645
81 0.00023408239700374532 2.9618307218783095
82 0.00023408239700374532 2.451005098112319
83 0.00023408239700374532 2.5563656137701454
84 0.00023408239700374532 2.5563656137701454
85 0.00023408239700374532 2.8076800420510515
86 0.00023408239700374532 2.5563656137701454
87 0.00023408239700374532 2.3556949183079943
88 0.00023408239700374532 2.8076800420510515
89 0.00023408239700374532 2.9618307218783095
8features 0.00023408239700374532 4.7535901911063645
9 0.00046816479400749064 0.5488975717153985
90 0.00023408239700374532 2.451005098112319
904 0.00023408239700374532 4.7535901911063645
91 0.00023408239700374532 2.8076800420510515
92 0.00023408239700374532 2.6741486494265287
93 0.00023408239700374532 2.9618307218783095
94 0.00023408239700374532 2.6741486494265287
95 0.00023408239700374532 2.1886408336448278
952 0.00023408239700374532 4.7535901911063645
96 0.00023408239700374532 2.5563656137701454
963 0.00023408239700374532 4.7535901911063645
97 0.00023408239700374532 2.6741486494265287
978-0-32192-773-6 0.00023408239700374532 4.7535901911063645
978-1-4302-7231-1 0.00023408239700374532 4.7535901911063645
978-1-4493-9470-7 0.00023408239700374532 4.7535901911063645
978-1-59327-591-4 0.00023408239700374532 4.7535901911063645
978-1-61729-152-4 0.00023408239700374532 4.7535901911063645
978-1-617291-41-8 0.00023408239700374532 4.7535901911063645
978-1-68050-074-5 0.00023408239700374532 4.7535901911063645
978-1-68050-246-6 0.00023408239700374532 4.7535901911063645
978-1-68050-300-5 0.00023408239700374532 4.7535901911063645
978-1-68050-682-2 0.00023408239700374532 4.7535901911063645
978-1-78216-650-4 0.00023408239700374532 4.7535901911063645
978-1-78328-413-9 0.00023408239700374532 4.7535901911063645
978-1-78439-029-7 0.00023408239700374532 4.7535901911063645
98 0.00023408239700374532 2.6741486494265287
99 0.00023408239700374532 2.5563656137701454
990 0.00023408239700374532 4.7535901911063645
991 0.00023408239700374532 4.7535901911063645
992 0.00023408239700374532 4.7535901911063645
993 0.00023408239700374532 4.7535901911063645
994 0.00023408239700374532 4.7535901911063645
995 0.00023408239700374532 4.7535901911063645
996 0.00023408239700374532 4.7535901911063645
997 0.00023408239700374532 4.7535901911063645
998 0.00023408239700374532 4.7535901911063645
999 0.00023408239700374532 2.8076800420510515
9see 0.00023408239700374532 3.654977902438255
= 0.006554307116104869 0.6104554647148319
> 0.009129213483146067 0.861769892995738
\c 0.00023408239700374532 4.7535901911063645
\tab 0.00023408239700374532 4.060443010546419
` 0.008895131086142321 3.1441522786722644
a 0.0023408239700374533 0.1584703409717747
a-z 0.00023408239700374532 3.367295829986474
aaron 0.00023408239700374532 3.654977902438255
abandoned 0.00023408239700374532 2.6741486494265287
abcl 0.00023408239700374532 3.367295829986474
abelson 0.00023408239700374532 2.3556949183079943
able 0.00023408239700374532 1.9203768470501485
about 0.00046816479400749064 0.0
abstraction 0.00023408239700374532 2.1886408336448278
abstractions 0.00023408239700374532 2.6741486494265287
according 0.00023408239700374532 1.7090677533829417
account 0.00023408239700374532 0.0
accountlog 0.00023408239700374532 0.0
achieved 0.00023408239700374532 2.451005098112319
acm 0.00023408239700374532 1.2272296664902032
across 0.00023408239700374532 0.0
action 0.00023408239700374532 1.9810014688665833
actions 0.00023408239700374532 2.114532861491106
actionscript 0.00023408239700374532 3.654977902438255
add 0.0007022471910112359 1.198242129616951
added 0.0007022471910112359 1.0647107369924282
addition 0.0007022471910112359 1.1700712526502546
additional 0.00046816479400749064 0.0
adobe 0.00023408239700374532 2.6741486494265287
adopt 0.00023408239700374532 4.7535901911063645
adoption 0.00023408239700374532 2.8076800420510515
adquire 0.00023408239700374532 4.7535901911063645
adrian 0.00023408239700374532 4.060443010546419
advanced 0.00023408239700374532 1.575536360758419
advocates 0.00023408239700374532 3.367295829986474
aemon 0.00023408239700374532 4.7535901911063645
agencies 0.00023408239700374532 3.1441522786722644
agent 0.00023408239700374532 3.1441522786722644
agent-oriented 0.00023408239700374532 4.7535901911063645
agents 0.00023408239700374532 3.1441522786722644
ago 0.00046816479400749064 0.5194836865091053
agree 0.00023408239700374532 0.0
aims 0.00023408239700374532 2.6741486494265287
akkaya 0.00023408239700374532 4.7535901911063645
al 0.00046816479400749064 1.9810014688665833
alan 0.00023408239700374532 1.8632184332102
alex 0.003745318352059925 3.1441522786722644
algorithms 0.00023408239700374532 1.6625477377480486
aliasing 0.00023408239700374532 4.060443010546419
all 0.00023408239700374532 1.2272296664902032
allegro 0.00023408239700374532 3.367295829986474
allow 0.00046816479400749064 1.0400181244020568
allowing 0.00023408239700374532 1.3862943611198906
also 0.0018726591760299626 0.18924199963852834
alter 0.00046816479400749064 2.9618307218783095
alternative 0.00046816479400749064 1.7090677533829417
amazon.com 0.00023408239700374532 4.060443010546419
ambrose 0.00023408239700374532 4.7535901911063645
amit 0.00023408239700374532 3.654977902438255
an 0.00046816479400749064 0.8023464725249373
analysis 0.00046816479400749064 1.618095975177215
andrew 0.00023408239700374532 2.114532861491106
android 0.00046816479400749064 2.0455399900041544
ann 0.0011704119850187266 3.367295829986474
announcing 0.00023408239700374532 3.1441522786722644
anonymous 0.00023408239700374532 2.3556949183079943
another 0.00023408239700374532 0.9694005571881035
ansi 0.00023408239700374532 1.9810014688665833
anyone 0.00023408239700374532 2.8076800420510515
anything 0.00023408239700374532 2.5563656137701454
apache 0.00023408239700374532 2.0455399900041544
api 0.00023408239700374532 1.7578579175523736
appeared2007 0.00023408239700374532 4.060443010546419
apple 0.0018726591760299626 1.9203768470501485
apple.com 0.00023408239700374532 4.7535901911063645
applets 0.00023408239700374532 3.367295829986474
application 0.00023408239700374532 0.8217645583820389
applications 0.00023408239700374532 0.7832982775542428
applied 0.00023408239700374532 1.8091512119399242
apply 0.00046816479400749064 0.0
approach 0.00046816479400749064 1.7090677533829417
appropriate 0.00023408239700374532 2.3556949183079943
approved 0.00023408239700374532 2.5563656137701454
apps 0.00023408239700374532 2.3556949183079943
apress 0.00023408239700374532 2.9618307218783095
april 0.0009363295880149813 0.7462570058738937
arc 0.00046816479400749064 3.1441522786722644
archived 0.0009363295880149813 0.6104554647148319
arglists 0.00023408239700374532 4.7535901911063645
args 0.00023408239700374532 3.654977902438255
argument 0.00023408239700374532 1.7578579175523736
armed 0.00023408239700374532 3.1441522786722644
around 0.00023408239700374532 1.4577533251020356
art 0.00023408239700374532 2.451005098112319
arthur 0.00023408239700374532 3.367295829986474
article 0.00023408239700374532 0.0
articleabout 0.00023408239700374532 0.0
articles 0.00023408239700374532 0.1584703409717747
articletalk 0.00023408239700374532 0.0
artificial 0.00046816479400749064 1.9810014688665833
as 0.00046816479400749064 0.8023464725249373
ashe 0.00023408239700374532 4.7535901911063645
ask 0.00023408239700374532 3.654977902438255
ask.clojure.org 0.00023408239700374532 4.7535901911063645
asked 0.00023408239700374532 2.8076800420510515
assembly 0.00023408239700374532 1.2272296664902032
assessing 0.00023408239700374532 4.7535901911063645
assoc 0.00046816479400749064 4.7535901911063645
associated 0.00023408239700374532 1.7090677533829417
asynchronous 0.00023408239700374532 3.1441522786722644
at 0.00023408239700374532 1.3523928094442093
atlassian 0.00023408239700374532 4.7535901911063645
atlassian.net 0.00023408239700374532 4.7535901911063645
atom 0.00023408239700374532 2.5563656137701454
atop 0.00046816479400749064 4.060443010546419
attempts 0.00023408239700374532 2.3556949183079943
attribution-sharealike 0.00023408239700374532 0.0
august 0.00023408239700374532 0.9249487946172696
australia 0.00023408239700374532 3.654977902438255
authority 0.00023408239700374532 1.1700712526502546
autolisp 0.00046816479400749064 3.367295829986474
automatic 0.00046816479400749064 1.421385680931161
automation 0.00023408239700374532 1.9810014688665833
available 0.0016385767790262173 0.0
avila 0.00023408239700374532 4.7535901911063645
avoid 0.00023408239700374532 2.0455399900041544
avoids 0.00023408239700374532 3.654977902438255
away 0.00023408239700374532 3.367295829986474
b 0.004447565543071161 0.5792029212107276
babashka 0.00046816479400749064 4.7535901911063645
babashka.org 0.00023408239700374532 4.7535901911063645
back 0.00023408239700374532 1.8091512119399242
backquote 0.00023408239700374532 4.060443010546419
baldridge 0.0007022471910112359 4.7535901911063645
banana 0.00046816479400749064 4.7535901911063645
bank 0.00023408239700374532 2.6741486494265287
bar 0.00046816479400749064 2.9618307218783095
base 0.00023408239700374532 1.618095975177215
based 0.0007022471910112359 0.626455806061273
bataev 0.00023408239700374532 4.7535901911063645
batsov 0.00023408239700374532 4.7535901911063645
bbn 0.00023408239700374532 3.367295829986474
beam 0.00023408239700374532 2.9618307218783095
beanshell 0.00023408239700374532 4.060443010546419
bear 0.00023408239700374532 3.1441522786722644
because 0.00023408239700374532 1.8091512119399242
beckman 0.00023408239700374532 4.7535901911063645
become 0.00023408239700374532 2.0455399900041544
becomes 0.00023408239700374532 2.5563656137701454
bedra 0.00023408239700374532 4.7535901911063645
before 0.00023408239700374532 2.9618307218783095
ben 0.00023408239700374532 3.367295829986474
beranek 0.00023408239700374532 3.367295829986474
berkeley 0.00046816479400749064 2.6741486494265287
bigloo 0.00023408239700374532 3.367295829986474
binary 0.00023408239700374532 1.8091512119399242
binding 0.00046816479400749064 2.114532861491106
binstock 0.00023408239700374532 3.654977902438255
bit-bucket-writer 0.00046816479400749064 4.7535901911063645
blackdown 0.00023408239700374532 4.7535901911063645
blogspot.com 0.00046816479400749064 4.7535901911063645
bob 0.00023408239700374532 2.1886408336448278
bobrow 0.00023408239700374532 3.367295829986474
body 0.00023408239700374532 2.114532861491106
bokmålpolskiportuguêsromânăрусскийсрпски 0.00023408239700374532 4.7535901911063645
bollay 0.00023408239700374532 3.367295829986474
bolt 0.00023408239700374532 3.367295829986474
bonnaire-sergeant 0.00023408239700374532 4.7535901911063645
bookshelf 0.0011704119850187266 3.654977902438255
booleans 0.00023408239700374532 2.9618307218783095
borges 0.00023408239700374532 4.7535901911063645
borkent 0.00023408239700374532 4.7535901911063645
bozhidar 0.00023408239700374532 4.7535901911063645
brave 0.00023408239700374532 4.7535901911063645
brian 0.0025749063670411983 1.7090677533829417
bruce 0.00023408239700374532 2.3556949183079943
buf 0.00023408239700374532 4.060443010546419
built 0.00023408239700374532 1.2570826296398845
built-in 0.00046816479400749064 1.534714366238164
by 0.00023408239700374532 0.0
byrich 0.00023408239700374532 4.7535901911063645
c 0.0018726591760299626 0.38414233863934316
c++ 0.00046816479400749064 0.8823891801984737
c++11 0.00023408239700374532 3.654977902438255
caldwell 0.00046816479400749064 4.7535901911063645
california 0.00023408239700374532 2.114532861491106
call 0.002106741573033708 1.2570826296398845
called 0.00023408239700374532 0.7462570058738937
calling 0.00023408239700374532 1.7090677533829417
calls 0.00046816479400749064 1.6625477377480486
calva 0.00046816479400749064 4.7535901911063645
calvin 0.00023408239700374532 4.7535901911063645
cannon 0.00023408239700374532 4.7535901911063645
capture 0.00023408239700374532 3.367295829986474
capturing 0.00023408239700374532 4.7535901911063645
card 0.00023408239700374532 2.3556949183079943
carin 0.00023408239700374532 4.7535901911063645
carper 0.00023408239700374532 4.7535901911063645
case 0.00023408239700374532 1.1160040313799788
cat 0.00023408239700374532 2.8076800420510515
categories 0.00046816479400749064 0.026202372394024117
category 0.0007022471910112359 0.6931471805599453
cemerick.com 0.00023408239700374532 4.7535901911063645
change 0.00046816479400749064 1.618095975177215
changes 0.00046816479400749064 1.198242129616951
changesupload 0.00046816479400749064 0.0
channel-based 0.00023408239700374532 4.060443010546419
channels 0.00046816479400749064 2.9618307218783095
character 0.00023408239700374532 1.575536360758419
characterized 0.00023408239700374532 4.060443010546419
characters 0.00023408239700374532 1.3523928094442093
charles 0.00023408239700374532 1.534714366238164
chas 0.00046816479400749064 4.7535901911063645
chez 0.00046816479400749064 3.367295829986474
chicken 0.00023408239700374532 3.367295829986474
chris 0.00046816479400749064 2.5563656137701454
christophe 0.00023408239700374532 4.7535901911063645
christopher 0.00023408239700374532 2.9618307218783095
cider 0.00046816479400749064 4.7535901911063645
cider.mx 0.00023408239700374532 4.7535901911063645
circle 0.00046816479400749064 4.060443010546419
cl 0.00023408239700374532 2.8076800420510515
claimed 0.00023408239700374532 2.6741486494265287
classpath 0.00023408239700374532 4.7535901911063645
cleancoder.com 0.00046816479400749064 4.7535901911063645
cleancoders.com 0.00023408239700374532 4.7535901911063645
cli 0.0011704119850187266 2.5563656137701454
clinger 0.00023408239700374532 3.1441522786722644
clisp 0.00023408239700374532 3.1441522786722644
cljperl 0.00023408239700374532 4.7535901911063645
clojerl 0.00046816479400749064 4.7535901911063645
clojure 0.03581460674157303 2.8076800420510515
clojure-inspired 0.00023408239700374532 4.7535901911063645
clojure-kit 0.00046816479400749064 4.7535901911063645
clojure-py 0.00046816479400749064 4.7535901911063645
clojure.core 0.0007022471910112359 4.7535901911063645
clojure.lang.arrayseq 0.00023408239700374532 4.7535901911063645
clojure.lang.keyword 0.00023408239700374532 4.7535901911063645
clojure.lang.numbers 0.00046816479400749064 4.7535901911063645
clojure.main 0.00023408239700374532 4.7535901911063645
clojure.math 0.00023408239700374532 4.7535901911063645
clojure.org 0.007958801498127341 4.7535901911063645
clojureclr 0.0007022471910112359 4.7535901911063645
clojuredart 0.00046816479400749064 4.7535901911063645
clojureparadigmmulti-paradigm 0.00023408239700374532 4.7535901911063645
clojurers 0.00046816479400749064 4.7535901911063645
clojurescript 0.0028089887640449437 4.060443010546419
clojurescript.org 0.00046816479400749064 4.7535901911063645
clos 0.00023408239700374532 3.367295829986474
close 0.00023408239700374532 2.0455399900041544
closure 0.0009363295880149813 3.1441522786722644
clover 0.00046816479400749064 4.7535901911063645
clozure 0.00023408239700374532 3.367295829986474
clr 0.00046816479400749064 3.1441522786722644
cmu 0.00023408239700374532 2.8076800420510515
cmucl 0.00023408239700374532 3.367295829986474
cockcroft 0.00023408239700374532 4.7535901911063645
code 0.0035112359550561797 0.3468709438421115
code-compatible 0.00023408239700374532 4.060443010546419
codecross-platform 0.00023408239700374532 4.7535901911063645
codequarterly.com 0.00023408239700374532 4.7535901911063645
cognitect 0.00023408239700374532 4.7535901911063645
cognitect.com 0.0009363295880149813 4.7535901911063645
colin 0.00023408239700374532 3.367295829986474
collaboration 0.00046816479400749064 2.5563656137701454
collection 0.00023408239700374532 1.4577533251020356
column 0.00023408239700374532 2.5563656137701454
coming 0.00023408239700374532 3.654977902438255
command-line 0.00023408239700374532 2.5563656137701454
comment 0.00023408239700374532 1.8632184332102
common 0.0046816479400749065 0.9034425893963061
common-metadata-repository 0.00023408239700374532 4.7535901911063645
commonloops 0.00023408239700374532 3.367295829986474
commons 0.00023408239700374532 0.0
commonswikibooks 0.00023408239700374532 3.654977902438255
community 0.0016385767790262173 1.618095975177215
communityconferences 0.00023408239700374532 4.7535901911063645
communityof 0.00023408239700374532 3.367295829986474
comp 0.0007022471910112359 3.367295829986474
comparison 0.00023408239700374532 0.8415671856782185
compatibility 0.00046816479400749064 1.9810014688665833
compatible 0.00046816479400749064 1.618095975177215
compilation 0.00023408239700374532 1.7578579175523736
compiled 0.0007022471910112359 1.1160040313799788
compiler 0.0007022471910112359 0.626455806061273
compilershidden 0.00023408239700374532 3.654977902438255
compiles 0.00046816479400749064 2.1886408336448278
composing 0.00023408239700374532 4.060443010546419
computer 0.0009363295880149813 0.371563556432483
computerworld.com.au 0.00023408239700374532 4.7535901911063645
computing 0.00046816479400749064 0.7462570058738937
concept 0.00046816479400749064 1.8632184332102
concurrency 0.00046816479400749064 1.8632184332102
concurrent 0.0011704119850187266 1.7578579175523736
conditionals 0.0009363295880149813 2.5563656137701454
conducted 0.00023408239700374532 3.367295829986474
configured 0.00023408239700374532 3.654977902438255
conjure 0.00046816479400749064 4.7535901911063645
connor 0.00023408239700374532 4.7535901911063645
consist 0.00046816479400749064 2.8076800420510515
consists 0.00023408239700374532 1.9203768470501485
constrained 0.00023408239700374532 3.654977902438255
constructs 0.00023408239700374532 1.575536360758419
contact 0.00023408239700374532 0.0
containing 0.00023408239700374532 1.4577533251020356
content 0.00023408239700374532 0.0
contents 0.0007022471910112359 0.0
context 0.00023408239700374532 2.0455399900041544
continued 0.00046816479400749064 1.9203768470501485
contribute 0.00023408239700374532 0.0
contributionstalk 0.00023408239700374532 0.0
contributors 0.0007022471910112359 2.9618307218783095
control 0.00023408239700374532 0.49091031406504926
convention 0.00023408239700374532 2.3556949183079943
convey 0.00023408239700374532 4.7535901911063645
cookbook 0.00023408239700374532 3.654977902438255
cookie 0.00023408239700374532 0.0
core 0.00046816479400749064 1.3196029866212184
core.async 0.00046816479400749064 4.7535901911063645
core.logic 0.00023408239700374532 4.7535901911063645
corman 0.00023408239700374532 3.367295829986474
corporation 0.00023408239700374532 1.421385680931161
corresponding 0.00023408239700374532 1.421385680931161
could 0.00023408239700374532 1.0900285449767182
count 0.00023408239700374532 2.5563656137701454
coupland 0.00023408239700374532 4.7535901911063645
create 0.0009363295880149813 0.0
created 0.00046816479400749064 0.4361020775700542
creative 0.0007022471910112359 0.0
creator 0.0007022471910112359 2.268683541318364
csail 0.00023408239700374532 3.1441522786722644
current 0.00023408239700374532 1.3523928094442093
curriculum 0.00023408239700374532 2.9618307218783095
cursive 0.00046816479400749064 4.7535901911063645
cynthia 0.00023408239700374532 3.1441522786722644
daniel 0.0007022471910112359 2.114532861491106
dart 0.00023408239700374532 2.8076800420510515
data 0.006788389513108614 0.4228568508200336
datatypes 0.00023408239700374532 4.060443010546419
date 0.00023408239700374532 1.6625477377480486
david 0.0011704119850187266 1.1700712526502546
de 0.00023408239700374532 1.618095975177215
de-reference 0.00023408239700374532 4.7535901911063645
december 0.0007022471910112359 0.7282385003712155
def 0.0011704119850187266 2.3556949183079943
define 0.0011704119850187266 1.421385680931161
definition 0.00023408239700374532 1.3196029866212184
defmacro 0.00023408239700374532 4.060443010546419
defn 0.0014044943820224719 4.7535901911063645
defrecord 0.00023408239700374532 4.7535901911063645
deftype 0.00023408239700374532 4.060443010546419
denison 0.00023408239700374532 3.367295829986474
denominator 0.00046816479400749064 4.060443010546419
depend 0.00023408239700374532 2.9618307218783095
dependencies 0.00023408239700374532 4.060443010546419
dependent 0.00023408239700374532 2.3556949183079943
deprecated 0.00023408239700374532 2.451005098112319
deps 0.00023408239700374532 4.7535901911063645
deref 0.00046816479400749064 4.7535901911063645
described 0.00023408239700374532 1.7090677533829417
description 0.00023408239700374532 0.3468709438421115
descriptionshort 0.00023408239700374532 0.4631307499579735
deserialize 0.00023408239700374532 4.7535901911063645
design 0.0011704119850187266 0.8023464725249373
designed 0.00046816479400749064 0.8217645583820389
desktop 0.00023408239700374532 1.9810014688665833
determined 0.00023408239700374532 2.8076800420510515
developed 0.00046816479400749064 0.5488975717153985
developers 0.0011704119850187266 0.0
developing 0.00023408239700374532 2.114532861491106
development 0.0018726591760299626 0.44952509790219486
devoxx 0.00023408239700374532 4.7535901911063645
dialect 0.0011704119850187266 2.3556949183079943
dialects 0.00046816479400749064 2.114532861491106
dialectsvte 0.00023408239700374532 3.654977902438255
dialog 0.00023408239700374532 2.5563656137701454
differences 0.00023408239700374532 1.9203768470501485
different 0.00046816479400749064 0.39688136441677296
dipert 0.00023408239700374532 4.7535901911063645
direct 0.00023408239700374532 1.575536360758419
directly 0.00023408239700374532 1.198242129616951
dirk 0.00023408239700374532 4.7535901911063645
discipline 0.00023408239700374532 3.367295829986474
disclaimers 0.00023408239700374532 0.0
distinct 0.0011704119850187266 2.268683541318364
div 0.0007022471910112359 2.9618307218783095
divided 0.00046816479400749064 2.9618307218783095
dividing 0.00046816479400749064 4.060443010546419
dmitri 0.00023408239700374532 4.7535901911063645
doc 0.00046816479400749064 3.1441522786722644
docker 0.00023408239700374532 4.7535901911063645
docstring 0.00046816479400749064 4.7535901911063645
doi:10.1145 0.00023408239700374532 1.421385680931161
domain-driven 0.00023408239700374532 4.7535901911063645
domain-specific 0.00023408239700374532 2.268683541318364
dominic 0.00023408239700374532 4.060443010546419
done 0.00023408239700374532 1.4577533251020356
dorun 0.00023408239700374532 4.7535901911063645
dosync 0.00023408239700374532 4.7535901911063645
dotimes 0.00023408239700374532 4.7535901911063645
dotlisp 0.00046816479400749064 4.7535901911063645
doto 0.00046816479400749064 4.7535901911063645
download 0.00023408239700374532 0.0
dybvig 0.00023408239700374532 3.1441522786722644
dylan 0.00023408239700374532 3.367295829986474
dynamic 0.0011704119850187266 1.0900285449767182
e 0.00023408239700374532 1.6625477377480486
each 0.00023408239700374532 1.6625477377480486
earlier 0.00023408239700374532 2.114532861491106
easily 0.00023408239700374532 1.7090677533829417
ecl 0.00023408239700374532 2.9618307218783095
eclipse 0.00046816479400749064 2.114532861491106
ecmascript 0.00023408239700374532 2.9618307218783095
economy 0.00023408239700374532 3.367295829986474
ecosystem 0.0007022471910112359 3.654977902438255
ed 0.0011704119850187266 1.9203768470501485
edit 0.0053838951310861425 0.0
editcommunity 0.00023408239700374532 0.0
edited 0.00023408239700374532 0.0
editors 0.00046816479400749064 0.0
edmund 0.00023408239700374532 3.1441522786722644
edn 0.0011704119850187266 4.7535901911063645
edn-format.org 0.00023408239700374532 4.7535901911063645
education 0.00023408239700374532 1.534714366238164
educationbooks 0.00023408239700374532 3.367295829986474
edwards 0.00023408239700374532 4.7535901911063645
ee 0.00023408239700374532 3.654977902438255
eero 0.00023408239700374532 4.7535901911063645
efficiently 0.00023408239700374532 2.5563656137701454
efforts 0.00023408239700374532 2.9618307218783095
either 0.00023408239700374532 1.3523928094442093
elegant 0.00023408239700374532 3.654977902438255
element 0.0009363295880149813 1.8632184332102
elements 0.0011704119850187266 1.2878542883066382
elixir 0.00023408239700374532 4.060443010546419
elmendorf 0.00023408239700374532 4.7535901911063645
emacs 0.0007022471910112359 2.8076800420510515
email 0.00023408239700374532 3.1441522786722644
embeddable 0.00023408239700374532 3.1441522786722644
embedding 0.00023408239700374532 3.367295829986474
embrace 0.00023408239700374532 4.060443010546419
emerick 0.00046816479400749064 4.7535901911063645
emits 0.00023408239700374532 4.7535901911063645
emphasis 0.00046816479400749064 3.1441522786722644
empresa 0.00023408239700374532 4.7535901911063645
en.wikipedia.org 0.00023408239700374532 0.0
enable 0.00023408239700374532 2.5563656137701454
encountering 0.00023408239700374532 4.060443010546419
encourages 0.00046816479400749064 4.060443010546419
encyclopedia 0.00023408239700374532 0.0
end 0.00023408239700374532 0.9034425893963061
engineering 0.00023408239700374532 1.4954936530848826
english 0.00023408239700374532 0.0
enhanced 0.00023408239700374532 2.1886408336448278
enhancing 0.00023408239700374532 4.060443010546419
enterprise 0.00023408239700374532 2.1886408336448278
entirely 0.00023408239700374532 1.9810014688665833
entries 0.00023408239700374532 2.9618307218783095
entry 0.00023408239700374532 2.1886408336448278
environment 0.0009363295880149813 0.8023464725249373
environments 0.00023408239700374532 1.9203768470501485
era 0.00023408239700374532 2.6741486494265287
eric 0.0016385767790262173 1.7578579175523736
erlang 0.00046816479400749064 1.8632184332102
error 0.00046816479400749064 1.618095975177215
especially 0.00023408239700374532 1.8091512119399242
established 0.00023408239700374532 2.9618307218783095
esterhazy 0.00023408239700374532 4.7535901911063645
eulisp 0.00046816479400749064 3.367295829986474
europe 0.00023408239700374532 3.1441522786722644
evaluates 0.00023408239700374532 2.6741486494265287
evans 0.0011704119850187266 3.367295829986474
even 0.0009363295880149813 1.3523928094442093
eventsrandom 0.00023408239700374532 0.0
ever 0.00023408239700374532 2.8076800420510515
example 0.0014044943820224719 0.49091031406504926
examples 0.0007022471910112359 1.2272296664902032
excellent 0.00023408239700374532 3.654977902438255
exception 0.00023408239700374532 1.8091512119399242
exclusively 0.00023408239700374532 3.367295829986474
exist 0.00023408239700374532 1.9203768470501485
expansion 0.00023408239700374532 2.9618307218783095
expected 0.00023408239700374532 1.9810014688665833
expert 0.00046816479400749064 2.5563656137701454
explicit 0.00046816479400749064 1.618095975177215
explicitly 0.00046816479400749064 1.8632184332102
explorer 0.00023408239700374532 2.5563656137701454
export 0.00023408239700374532 0.0
express 0.00023408239700374532 1.4954936530848826
expression 0.00023408239700374532 1.534714366238164
expressive 0.00023408239700374532 2.8076800420510515
extend 0.00023408239700374532 2.114532861491106
extensibility 0.00023408239700374532 3.1441522786722644
extensible 0.00046816479400749064 2.114532861491106
extension 0.00046816479400749064 1.0647107369924282
extensions 0.00023408239700374532 1.1700712526502546
external 0.00023408239700374532 0.17887921260298179
facebook 0.00023408239700374532 3.654977902438255
facilitate 0.00023408239700374532 2.6741486494265287
facorro 0.00023408239700374532 4.7535901911063645
fahlman 0.00023408239700374532 3.367295829986474
false 0.00023408239700374532 1.8632184332102
familylispdesigned 0.00023408239700374532 4.7535901911063645
familymulti-paradigm 0.00023408239700374532 4.060443010546419
faq 0.00023408239700374532 2.114532861491106
fast 0.00023408239700374532 1.7578579175523736
favorite 0.0007022471910112359 4.7535901911063645
features 0.0009363295880149813 0.4228568508200336
felleisen 0.00046816479400749064 3.367295829986474
ferret 0.00046816479400749064 4.7535901911063645
ferret-lang.org 0.00023408239700374532 4.7535901911063645
feurzeig 0.00023408239700374532 3.367295829986474
file 0.00046816479400749064 0.0
filespecial 0.00023408239700374532 0.0
filter 0.00046816479400749064 2.6741486494265287
finally 0.00023408239700374532 1.8632184332102
findler 0.00023408239700374532 3.367295829986474
fireplace.vim 0.00046816479400749064 4.7535901911063645
firms 0.00023408239700374532 3.1441522786722644
first 0.0011704119850187266 0.5050949490570057
first-class 0.00023408239700374532 2.6741486494265287
fixes 0.00023408239700374532 2.8076800420510515
fixing 0.00023408239700374532 3.654977902438255
flash 0.00023408239700374532 2.9618307218783095
flatt 0.00023408239700374532 3.367295829986474
flavors 0.00023408239700374532 2.8076800420510515
fleming 0.00023408239700374532 4.060443010546419
floating 0.00023408239700374532 2.3556949183079943
flowthing.me 0.00023408239700374532 4.7535901911063645
flush 0.00023408239700374532 4.7535901911063645
flutter 0.00023408239700374532 3.654977902438255
fn 0.0007022471910112359 4.060443010546419
focus 0.00023408239700374532 2.6741486494265287
fogus 0.00046816479400749064 3.654977902438255
foil 0.00046816479400749064 4.7535901911063645
fold 0.00023408239700374532 3.654977902438255
followed 0.00023408239700374532 1.8091512119399242
following 0.0007022471910112359 0.8023464725249373
foo 0.0023408239700374533 2.3556949183079943
for 0.0009363295880149813 0.5639354490799391
forbidden 0.00023408239700374532 4.7535901911063645
force 0.00023408239700374532 2.3556949183079943
foreign 0.0007022471910112359 3.367295829986474
form 0.0007022471910112359 0.8023464725249373
format 0.00023408239700374532 1.4577533251020356
forms 0.0009363295880149813 1.575536360758419
forum 0.00023408239700374532 2.8076800420510515
found 0.00023408239700374532 1.4577533251020356
foundation 0.00046816479400749064 0.0
four 0.00023408239700374532 1.9810014688665833
fox 0.00023408239700374532 2.9618307218783095
francis 0.00023408239700374532 3.367295829986474
franz 0.00046816479400749064 3.1441522786722644
fred 0.00023408239700374532 3.367295829986474
free 0.0011704119850187266 0.0
frequently 0.00023408239700374532 2.6741486494265287
friends 0.00046816479400749064 3.367295829986474
from 0.00023408239700374532 0.0
full 0.00046816479400749064 1.198242129616951
fully 0.00023408239700374532 1.6625477377480486
function 0.002106741573033708 0.7832982775542428
functional 0.002106741573033708 1.2878542883066382
functions 0.0018726591760299626 0.7105389232718146
funding 0.0007022471910112359 3.654977902438255
further 0.00023408239700374532 1.2272296664902032
futures 0.00023408239700374532 3.654977902438255
g. 0.00023408239700374532 1.9810014688665833
gabriel 0.00023408239700374532 3.1441522786722644
gambit 0.00046816479400749064 3.367295829986474
gamble 0.00023408239700374532 3.654977902438255
game 0.00023408239700374532 1.9203768470501485
games 0.00023408239700374532 1.8632184332102
gcl 0.00023408239700374532 3.367295829986474
geek 0.00023408239700374532 4.060443010546419
gehtland 0.00023408239700374532 4.7535901911063645
genera 0.00023408239700374532 3.367295829986474
generalize 0.00023408239700374532 4.7535901911063645
generate-unique-id 0.00023408239700374532 4.7535901911063645
generator 0.00023408239700374532 2.0455399900041544
gensym 0.00023408239700374532 4.060443010546419
gerald 0.00023408239700374532 2.9618307218783095
germany 0.00023408239700374532 1.7578579175523736
get 0.0016385767790262173 1.3523928094442093
getproperty 0.00023408239700374532 4.7535901911063645
getting 0.00046816479400749064 2.8076800420510515
github 0.00023408239700374532 1.4954936530848826
github.com 0.003745318352059925 2.6741486494265287
github.io 0.00023408239700374532 4.060443010546419
github.org 0.00023408239700374532 4.7535901911063645
given 0.00023408239700374532 1.421385680931161
gnd 0.00023408239700374532 2.114532861491106
gnu 0.0011704119850187266 1.3862943611198906
go 0.0007022471910112359 0.0
goal 0.00023408239700374532 2.114532861491106
goals 0.00023408239700374532 2.3556949183079943
goetz 0.0018726591760299626 4.060443010546419
google 0.00023408239700374532 1.9203768470501485
google.com 0.0018726591760299626 4.7535901911063645
gosling 0.0007022471910112359 3.654977902438255
government 0.00023408239700374532 2.0455399900041544
graalvm 0.00023408239700374532 4.7535901911063645
gradual 0.00023408239700374532 4.060443010546419
graham 0.0009363295880149813 2.8076800420510515
grand 0.00023408239700374532 3.367295829986474
greenblatt 0.00023408239700374532 3.367295829986474
greenspun 0.00023408239700374532 3.367295829986474
greg 0.00023408239700374532 2.8076800420510515
groovy 0.00023408239700374532 3.367295829986474
ground 0.00023408239700374532 2.9618307218783095
guide 0.00046816479400749064 1.1700712526502546
guile 0.00046816479400749064 3.367295829986474
guy 0.00046816479400749064 2.0455399900041544
gwt 0.00023408239700374532 4.7535901911063645
hal 0.00023408239700374532 2.268683541318364
half 0.00023408239700374532 2.268683541318364
halloway 0.0007022471910112359 4.7535901911063645
handle 0.00023408239700374532 2.0455399900041544
handler 0.00046816479400749064 2.6741486494265287
hardware 0.00023408239700374532 1.421385680931161
harlequin 0.00023408239700374532 3.367295829986474
harmony 0.00023408239700374532 3.1441522786722644
hart 0.00023408239700374532 3.367295829986474
harvey 0.00023408239700374532 3.1441522786722644
hashing 0.00023408239700374532 4.060443010546419
haskell 0.00023408239700374532 1.575536360758419
helenius 0.00023408239700374532 4.7535901911063645
hello 0.0007022471910112359 1.1160040313799788
helper 0.00023408239700374532 4.7535901911063645
helplearn 0.00023408239700374532 0.0
helps 0.00023408239700374532 2.6741486494265287
hererelated 0.00023408239700374532 0.0
hibernate 0.00023408239700374532 4.060443010546419
hickey 0.007022471910112359 3.654977902438255
hickeyfirst 0.00023408239700374532 4.7535901911063645
hide 0.00023408239700374532 0.0
hierarchies 0.00023408239700374532 4.060443010546419
higginbotham 0.00023408239700374532 4.7535901911063645
high-performance 0.00023408239700374532 2.8076800420510515
higher-order 0.0007022471910112359 2.5563656137701454
history 0.0018726591760299626 0.0
hodes 0.00023408239700374532 3.367295829986474
hoff 0.00023408239700374532 4.7535901911063645
homoiconic 0.00023408239700374532 4.060443010546419
homoiconicity 0.00046816479400749064 3.654977902438255
hopl 0.00023408239700374532 3.1441522786722644
host 0.00023408239700374532 2.3556949183079943
hosted 0.00046816479400749064 2.451005098112319
houser 0.00023408239700374532 4.7535901911063645
how 0.00023408239700374532 1.7578579175523736
htdp 0.00023408239700374532 3.367295829986474
https 0.00023408239700374532 0.0
hu 0.00023408239700374532 4.7535901911063645
hy 0.0007022471910112359 3.367295829986474
hyperspec 0.00023408239700374532 3.367295829986474
hölzle 0.00023408239700374532 3.654977902438255
i.e. 0.00023408239700374532 2.114532861491106
i1 0.0007022471910112359 3.654977902438255
i2 0.0007022471910112359 4.060443010546419
icedtea 0.00023408239700374532 4.7535901911063645
iconic 0.00023408239700374532 4.7535901911063645
id 0.00023408239700374532 2.9618307218783095
idea 0.00023408239700374532 2.3556949183079943
ideas 0.00023408239700374532 2.0455399900041544
identifiers 0.00023408239700374532 1.1426722784621401
identifiersarticles 0.00046816479400749064 1.2272296664902032
identities 0.00023408239700374532 4.7535901911063645
identity 0.0009363295880149813 2.8076800420510515
ides 0.00023408239700374532 2.5563656137701454
if 0.00023408239700374532 0.8823891801984737
iizuka 0.00023408239700374532 4.7535901911063645
ikarus 0.00023408239700374532 3.367295829986474
image 0.00023408239700374532 2.0455399900041544
immutability 0.0007022471910112359 4.060443010546419
immutable 0.0009363295880149813 2.9618307218783095
implementation 0.0009363295880149813 0.6760527472006452
implementations 0.0014044943820224719 1.3196029866212184
implementationsstandardizedcommonlisp 0.00023408239700374532 3.367295829986474
important 0.00023408239700374532 1.575536360758419
improved 0.00046816479400749064 1.9810014688665833
improvement 0.00023408239700374532 2.9618307218783095
improvements 0.00046816479400749064 2.5563656137701454
improving 0.00023408239700374532 2.6741486494265287
in 0.0016385767790262173 0.371563556432483
inc 0.0009363295880149813 3.1441522786722644
inc. 0.00046816479400749064 0.0
include 0.00046816479400749064 0.9249487946172696
included 0.00023408239700374532 1.1160040313799788
including 0.00023408239700374532 0.7282385003712155
incompatible 0.00023408239700374532 2.5563656137701454
incorporating 0.00023408239700374532 3.367295829986474
increase 0.00023408239700374532 2.6741486494265287
increased 0.00023408239700374532 2.8076800420510515
increment 0.00023408239700374532 2.5563656137701454
index.php 0.00023408239700374532 0.0
indicates 0.00023408239700374532 2.451005098112319
industry 0.00023408239700374532 2.3556949183079943
influence 0.00023408239700374532 2.268683541318364
influenced 0.00023408239700374532 1.3196029866212184
infoq.com 0.00023408239700374532 4.7535901911063645
informationcite 0.00023408239700374532 0.0
infoworld.com 0.00023408239700374532 4.7535901911063645
initial 0.00023408239700374532 1.7578579175523736
initially 0.00023408239700374532 1.7090677533829417
inline 0.00023408239700374532 1.7090677533829417
input 0.00023408239700374532 1.0159205728229963
inside 0.00046816479400749064 1.534714366238164
instance 0.0007022471910112359 1.421385680931161
instead 0.00023408239700374532 1.2272296664902032
institute 0.00023408239700374532 1.3523928094442093
integers 0.00023408239700374532 1.8632184332102
integrates 0.00023408239700374532 4.060443010546419
integration 0.00046816479400749064 1.8091512119399242
intelligence 0.00046816479400749064 1.9203768470501485
intellij 0.00023408239700374532 3.367295829986474
intellij-based 0.00023408239700374532 4.7535901911063645
intended 0.0007022471910112359 1.4577533251020356
interactive 0.0009363295880149813 1.3196029866212184
interest 0.00023408239700374532 2.0455399900041544
interface 0.0011704119850187266 0.946927701336045
interface-like 0.00023408239700374532 4.7535901911063645
interlisp 0.00046816479400749064 3.367295829986474
internally 0.00023408239700374532 2.5563656137701454
interned 0.00023408239700374532 4.060443010546419
interop 0.00023408239700374532 3.654977902438255
interoperability 0.0011704119850187266 3.1441522786722644
interoperable 0.00023408239700374532 4.060443010546419
interpretation 0.00046816479400749064 2.451005098112319
interpreter 0.00046816479400749064 1.575536360758419
interview 0.00023408239700374532 2.114532861491106
introduced 0.00023408239700374532 1.198242129616951
introduction 0.00046816479400749064 1.4954936530848826
introspectable 0.00023408239700374532 4.7535901911063645
inventor 0.00023408239700374532 2.9618307218783095
invocation 0.00023408239700374532 2.451005098112319
isbn 0.003043071161048689 0.6760527472006452
islisp 0.00046816479400749064 3.367295829986474
israel 0.00023408239700374532 1.3523928094442093
issue 0.00023408239700374532 2.268683541318364
issues 0.0007022471910112359 1.3196029866212184
it 0.0011704119850187266 0.17887921260298179
item 0.00023408239700374532 0.0
j 0.00023408239700374532 1.4954936530848826
j9u 0.00023408239700374532 1.3523928094442093
jakarta 0.00023408239700374532 4.060443010546419
james 0.0007022471910112359 2.0455399900041544
janet 0.00046816479400749064 4.7535901911063645
janet-lang.org 0.00023408239700374532 4.7535901911063645
jank 0.00046816479400749064 4.7535901911063645
jank-lang.org 0.00023408239700374532 4.7535901911063645
january 0.00046816479400749064 0.659245628884264
java 0.008661048689138577 0.9249487946172696
java.io.writer 0.00046816479400749064 4.7535901911063645
java.net 0.00023408239700374532 4.7535901911063645
java.util.arraylist 0.00046816479400749064 4.7535901911063645
java.util.hashmap 0.00046816479400749064 4.7535901911063645
java.vm.version 0.00023408239700374532 4.7535901911063645
javafx 0.00023408239700374532 4.060443010546419
javaone 0.00023408239700374532 4.060443010546419
javascript 0.0009363295880149813 1.4577533251020356
javax.swing.joptionpane 0.00023408239700374532 4.7535901911063645
jay 0.00023408239700374532 2.8076800420510515
jazelle 0.00023408239700374532 4.7535901911063645
jeaye 0.00023408239700374532 4.7535901911063645
jetbrains.com 0.00046816479400749064 4.7535901911063645
jfli 0.00046816479400749064 4.7535901911063645
jira 0.0007022471910112359 3.654977902438255
jit 0.00023408239700374532 3.367295829986474
jnlp 0.00023408239700374532 4.7535901911063645
jobs 0.00023408239700374532 2.5563656137701454
joel 0.00023408239700374532 3.1441522786722644
john 0.0007022471910112359 1.2272296664902032
joker 0.00046816479400749064 4.7535901911063645
joker-lang.org 0.00023408239700374532 4.7535901911063645
jon 0.00023408239700374532 2.9618307218783095
joy 0.00023408239700374532 3.367295829986474
jr. 0.00046816479400749064 2.3556949183079943
jruby 0.00023408239700374532 4.060443010546419
jscheme 0.00023408239700374532 3.367295829986474
jsf 0.00023408239700374532 4.7535901911063645
json 0.00023408239700374532 3.1441522786722644
jsp 0.00023408239700374532 4.060443010546419
juan 0.00023408239700374532 4.060443010546419
julian 0.00023408239700374532 4.060443010546419
julie 0.00023408239700374532 3.367295829986474
jump 0.00023408239700374532 0.0
june 0.0007022471910112359 0.7646061445420904
justin 0.00023408239700374532 4.060443010546419
juxt.pro 0.00046816479400749064 4.7535901911063645
jvm 0.0028089887640449437 3.367295829986474
jython 0.00023408239700374532 3.654977902438255
kathryn 0.00023408239700374532 4.060443010546419
kawa 0.00023408239700374532 3.1441522786722644
kelker 0.00023408239700374532 4.7535901911063645
kent 0.00046816479400749064 3.1441522786722644
key 0.00023408239700374532 1.3523928094442093
keyboard 0.00023408239700374532 2.1886408336448278
keyword 0.00046816479400749064 1.618095975177215
keywords 0.00023408239700374532 1.8632184332102
kit 0.00023408239700374532 2.9618307218783095
knowledge 0.00023408239700374532 1.9203768470501485
known 0.00023408239700374532 1.1426722784621401
kotlin 0.00023408239700374532 1.9810014688665833
krill 0.00023408239700374532 4.060443010546419
krishnamurthi 0.00023408239700374532 3.367295829986474
l 0.00023408239700374532 1.8091512119399242
l. 0.00046816479400749064 1.7578579175523736
laboratories 0.00023408239700374532 2.8076800420510515
laboratory 0.00046816479400749064 1.9203768470501485
labs 0.00023408239700374532 1.8091512119399242
language 0.006320224719101123 0.0
languagefeatures 0.00023408239700374532 2.9618307218783095
languages 0.003043071161048689 0.0
languagesdynamically 0.00023408239700374532 3.1441522786722644
languagesextensible 0.00023408239700374532 4.060443010546419
languagesfunctional 0.00023408239700374532 2.3556949183079943
languageshigh-level 0.00023408239700374532 3.654977902438255
languagesjvm 0.00023408239700374532 4.7535901911063645
languageslisp 0.00023408239700374532 3.654977902438255
languagesprogramming 0.00046816479400749064 0.9249487946172696
languagessoftware 0.00023408239700374532 3.654977902438255
larceny 0.00023408239700374532 3.367295829986474
large 0.00023408239700374532 1.421385680931161
largest 0.00023408239700374532 2.8076800420510515
las3r 0.00023408239700374532 4.7535901911063645
last 0.0009363295880149813 0.0
laz3r 0.00023408239700374532 4.7535901911063645
lazy 0.00023408239700374532 2.451005098112319
lccn 0.00023408239700374532 1.3196029866212184
le 0.00023408239700374532 3.367295829986474
leak 0.00023408239700374532 3.654977902438255
learn 0.00023408239700374532 0.0
legend 0.00023408239700374532 3.654977902438255
leiningen 0.00023408239700374532 4.7535901911063645
lelisp 0.00023408239700374532 3.367295829986474
lending 0.00023408239700374532 4.7535901911063645
leonardo 0.00023408239700374532 4.7535901911063645
let 0.0009363295880149813 1.9810014688665833
letters 0.00023408239700374532 2.3556949183079943
leveraging 0.00023408239700374532 4.7535901911063645
levin 0.00023408239700374532 3.367295829986474
lfe 0.0007022471910112359 3.367295829986474
libraries 0.00023408239700374532 0.6931471805599453
library 0.00023408239700374532 0.6760527472006452
license 0.00046816479400749064 0.0
licenseeclipse 0.00023408239700374532 4.7535901911063645
licensefilename 0.00023408239700374532 3.367295829986474
licensesource-to-source 0.00023408239700374532 3.654977902438255
like 0.0009363295880149813 0.5340824859302579
line 0.00046816479400749064 0.946927701336045
linked 0.00023408239700374532 1.9203768470501485
linking 0.00023408239700374532 3.367295829986474
linkpage 0.00023408239700374532 0.0
links 0.0011704119850187266 0.0
linter 0.00023408239700374532 4.7535901911063645
linux 0.00023408239700374532 1.198242129616951
linuxjournal.com 0.00023408239700374532 4.060443010546419
lisp 0.013576779026217229 1.2272296664902032
lisp-1 0.00023408239700374532 4.060443010546419
lisp-friendly 0.00023408239700374532 4.7535901911063645
lisplets 0.00046816479400749064 4.7535901911063645
lisps 0.0011704119850187266 4.060443010546419
lispworks 0.00023408239700374532 3.367295829986474
list 0.0025749063670411983 0.5639354490799391
lists 0.0009363295880149813 1.1426722784621401
literal 0.00023408239700374532 2.451005098112319
literals 0.00023408239700374532 2.3556949183079943
liutikov 0.00046816479400749064 4.7535901911063645
llvm-based 0.00023408239700374532 4.060443010546419
loading 0.00023408239700374532 2.5563656137701454
log 0.00023408239700374532 0.0
logged 0.00023408239700374532 0.0
logic 0.00023408239700374532 1.7090677533829417
logo 0.00023408239700374532 2.5563656137701454
london 0.00046816479400749064 2.6741486494265287
loop 0.00046816479400749064 1.3862943611198906
looping 0.00023408239700374532 2.6741486494265287
louis 0.00023408239700374532 2.9618307218783095
lucid 0.00023408239700374532 3.1441522786722644
luckham 0.00023408239700374532 3.367295829986474
luke 0.00023408239700374532 4.7535901911063645
m-expressions 0.00023408239700374532 3.367295829986474
machine 0.0016385767790262173 0.7462570058738937
macintosh 0.00023408239700374532 2.8076800420510515
maclisp 0.00046816479400749064 3.367295829986474
macos 0.00023408239700374532 1.9810014688665833
macro 0.0016385767790262173 2.1886408336448278
macros 0.0014044943820224719 2.268683541318364
magazine 0.00023408239700374532 2.0455399900041544
main 0.00046816479400749064 0.0
maintainedlatest 0.00023408239700374532 4.060443010546419
major 0.0007022471910112359 1.1160040313799788
makers 0.00023408239700374532 4.7535901911063645
making 0.00023408239700374532 1.575536360758419
management 0.0009363295880149813 1.1700712526502546
manager 0.00023408239700374532 1.9810014688665833
managing 0.00046816479400749064 3.1441522786722644
manipulating 0.00046816479400749064 3.654977902438255
manning 0.00046816479400749064 3.654977902438255
many 0.00023408239700374532 0.659245628884264
map 0.0025749063670411983 2.1886408336448278
maple 0.00023408239700374532 3.654977902438255
maps 0.0007022471910112359 2.6741486494265287
marc 0.00023408239700374532 2.8076800420510515
march 0.0014044943820224719 0.6760527472006452
martin 0.0014044943820224719 2.114532861491106
masashi 0.00023408239700374532 4.7535901911063645
massachusetts 0.00023408239700374532 1.8632184332102
mastering 0.00023408239700374532 4.060443010546419
matthew 0.00023408239700374532 2.451005098112319
matthias 0.00046816479400749064 2.9618307218783095
maurício 0.00023408239700374532 4.7535901911063645
maven 0.00023408239700374532 3.1441522786722644
maxine 0.00023408239700374532 4.7535901911063645
may 0.00046816479400749064 0.0
mccarthy 0.00023408239700374532 2.451005098112319
mcclim 0.00023408239700374532 3.367295829986474
mdl 0.00046816479400749064 3.367295829986474
me 0.00023408239700374532 3.367295829986474
meaning 0.00023408239700374532 1.9810014688665833
media 0.00023408239700374532 1.575536360758419
meetup 0.00023408239700374532 4.7535901911063645
meier 0.00023408239700374532 4.7535901911063645
member 0.00023408239700374532 2.114532861491106
memory 0.0011704119850187266 1.0159205728229963
mentioned 0.00023408239700374532 4.060443010546419
mertz 0.00023408239700374532 4.7535901911063645
message 0.00023408239700374532 0.6760527472006452
meta 0.00023408239700374532 2.9618307218783095
metacpan.org 0.00023408239700374532 4.7535901911063645
metadata 0.00023408239700374532 2.5563656137701454
method 0.0007022471910112359 1.421385680931161
michael 0.00046816479400749064 1.3196029866212184
michiel 0.00023408239700374532 4.7535901911063645
micro 0.00023408239700374532 2.114532861491106
microcontrollers 0.00023408239700374532 3.654977902438255
microsystems 0.0007022471910112359 3.1441522786722644
midlets 0.00023408239700374532 4.7535901911063645
mike 0.00023408239700374532 1.9203768470501485
miller 0.0035112359550561797 2.8076800420510515
minutes 0.00023408239700374532 3.1441522786722644
mit 0.0009363295880149813 1.3862943611198906
mitchel 0.00023408239700374532 3.1441522786722644
ml 0.00023408239700374532 1.4577533251020356
mlisp 0.00023408239700374532 3.367295829986474
mobile 0.00046816479400749064 0.0
mocl 0.00023408239700374532 3.367295829986474
mode 0.00023408239700374532 1.9203768470501485
modelling 0.00023408239700374532 3.654977902438255
models 0.00023408239700374532 1.8091512119399242
modern 0.00023408239700374532 1.4577533251020356
modifies 0.00023408239700374532 4.060443010546419
modules 0.00023408239700374532 1.9203768470501485
monroe 0.00023408239700374532 4.7535901911063645
months 0.00023408239700374532 1.7578579175523736
moon 0.00023408239700374532 3.367295829986474
more 0.00046816479400749064 0.0
morris 0.00023408239700374532 2.9618307218783095
moses 0.00023408239700374532 3.367295829986474
mostly 0.00023408239700374532 1.9810014688665833
move 0.00023408239700374532 0.0
movitz 0.00023408239700374532 3.367295829986474
msdn.com 0.00023408239700374532 4.7535901911063645
mswlogo 0.00023408239700374532 3.367295829986474
much 0.00023408239700374532 1.2272296664902032
multilisp 0.00023408239700374532 3.367295829986474
multimethods 0.00046816479400749064 3.654977902438255
music 0.00023408239700374532 2.451005098112319
must 0.00023408239700374532 1.198242129616951
mutable 0.00023408239700374532 3.367295829986474
myapp 0.00023408239700374532 4.060443010546419
n 0.002106741573033708 1.3862943611198906
name 0.0011704119850187266 0.8217645583820389
named 0.00046816479400749064 1.1700712526502546
names 0.0009363295880149813 1.534714366238164
namespace 0.0014044943820224719 2.6741486494265287
namespace-qualified 0.00046816479400749064 4.7535901911063645
nasa 0.00023408239700374532 3.654977902438255
national 0.00023408239700374532 0.9249487946172696
native 0.00046816479400749064 1.3523928094442093
natively 0.00023408239700374532 2.451005098112319
naughton 0.00023408239700374532 4.7535901911063645
navigation 0.00023408239700374532 0.0
need 0.00023408239700374532 1.3862943611198906
neovim 0.0009363295880149813 4.7535901911063645
netflix 0.00046816479400749064 4.060443010546419
netlogo 0.00023408239700374532 3.367295829986474
new 0.0016385767790262173 0.5947071077466928
newlisp 0.00023408239700374532 3.367295829986474
newman 0.00023408239700374532 3.367295829986474
next 0.00023408239700374532 1.3523928094442093
nikita 0.00046816479400749064 4.7535901911063645
nil 0.0025749063670411983 2.6741486494265287
nitems 0.0011704119850187266 4.7535901911063645
niters 0.00046816479400749064 4.7535901911063645
no 0.00023408239700374532 1.3862943611198906
nobody 0.00023408239700374532 4.060443010546419
nolen 0.00046816479400749064 4.7535901911063645
non-commercial 0.00023408239700374532 3.367295829986474
non-java 0.0007022471910112359 4.7535901911063645
non-profit 0.00023408239700374532 0.0
noprint 0.00046816479400749064 4.7535901911063645
normal 0.00023408239700374532 1.8632184332102
norte-americana 0.00023408239700374532 4.7535901911063645
not 0.00023408239700374532 1.421385680931161
notable 0.00023408239700374532 1.8091512119399242
notation 0.0007022471910112359 2.0455399900041544
ns 0.00023408239700374532 3.654977902438255
ns-publics 0.00023408239700374532 4.7535901911063645
nth 0.00046816479400749064 4.060443010546419
nthreads 0.00046816479400749064 4.7535901911063645
nubank 0.00046816479400749064 4.7535901911063645
null-like 0.00023408239700374532 4.7535901911063645
num 0.0007022471910112359 3.367295829986474
number 0.00046816479400749064 0.8823891801984737
numbers 0.0007022471910112359 1.2272296664902032
numerator 0.00046816479400749064 4.7535901911063645
numeric 0.00023408239700374532 1.9810014688665833
nurullah 0.00023408239700374532 4.7535901911063645
nvecs 0.0009363295880149813 4.7535901911063645
o 0.00023408239700374532 1.198242129616951
object 0.0009363295880149813 0.7646061445420904
objects 0.00046816479400749064 1.1426722784621401
occur 0.00023408239700374532 2.0455399900041544
october 0.00046816479400749064 0.7832982775542428
official 0.0007022471910112359 0.8823891801984737
old 0.00023408239700374532 2.1886408336448278
oldid=1142940828 0.00023408239700374532 4.7535901911063645
oli.me.uk 0.00023408239700374532 4.7535901911063645
oliver 0.00046816479400749064 3.654977902438255
olsen 0.00023408239700374532 4.060443010546419
om 0.0007022471910112359 4.7535901911063645
on 0.00046816479400749064 0.0
one 0.0023408239700374533 0.44952509790219486
online 0.00046816479400749064 1.7578579175523736
open 0.00023408239700374532 1.0900285449767182
open-source 0.00023408239700374532 1.1426722784621401
openjdk 0.00023408239700374532 4.060443010546419
openlisp 0.00046816479400749064 3.367295829986474
operate 0.00046816479400749064 2.8076800420510515
operating 0.00046816479400749064 1.0159205728229963
operators 0.00046816479400749064 1.2570826296398845
optimization 0.00023408239700374532 2.1886408336448278
optimizing 0.00023408239700374532 3.1441522786722644
optional 0.00023408239700374532 1.618095975177215
oracle 0.00046816479400749064 2.451005098112319
oracle.com 0.00023408239700374532 4.7535901911063645
oreilly.com 0.00046816479400749064 4.7535901911063645
organization 0.00023408239700374532 0.0
organizations 0.00023408239700374532 2.3556949183079943
organizationsbusiness 0.00023408239700374532 2.9618307218783095
oriented 0.00023408239700374532 1.7578579175523736
original 0.0011704119850187266 0.39688136441677296
other 0.00046816479400749064 1.1160040313799788
others 0.00023408239700374532 1.4954936530848826
output 0.00023408239700374532 1.0900285449767182
outside 0.00023408239700374532 1.9810014688665833
overview 0.0007022471910112359 1.575536360758419
oxygene 0.00023408239700374532 2.5563656137701454
p. 0.00046816479400749064 1.0159205728229963
pack200 0.00023408239700374532 4.7535901911063645
package 0.00023408239700374532 1.534714366238164
packagecontrol.io 0.00023408239700374532 4.7535901911063645
packt 0.0007022471910112359 4.7535901911063645
page 0.0007022471910112359 0.0
pagecontentscurrent 0.00023408239700374532 0.0
pages 0.00023408239700374532 0.0
pagespermanent 0.00023408239700374532 0.0
pagewikidata 0.00023408239700374532 0.0
papert 0.00023408239700374532 3.1441522786722644
parallel 0.00046816479400749064 1.8091512119399242
parameters 0.00023408239700374532 1.2878542883066382
park 0.00023408239700374532 2.8076800420510515
parsed 0.00023408239700374532 3.654977902438255
part 0.0007022471910112359 0.8023464725249373
partition-all 0.00023408239700374532 4.7535901911063645
parts 0.00023408239700374532 1.9810014688665833
passes 0.00023408239700374532 2.6741486494265287
patrick 0.00023408239700374532 2.8076800420510515
paul 0.0011704119850187266 1.6625477377480486
paulus 0.00023408239700374532 4.7535901911063645
pc-lisp 0.00046816479400749064 3.367295829986474
pcalls 0.00023408239700374532 4.7535901911063645
pdf 0.00023408239700374532 0.659245628884264
pdfprintable 0.00023408239700374532 0.0
pearson 0.00023408239700374532 4.060443010546419
people 0.00046816479400749064 1.3862943611198906
perform 0.00023408239700374532 1.534714366238164
performance 0.00023408239700374532 1.4954936530848826
perl 0.00046816479400749064 1.575536360758419
persistent 0.00023408239700374532 2.5563656137701454
person 0.00023408239700374532 2.451005098112319
personal 0.00023408239700374532 0.0
peter 0.00023408239700374532 1.575536360758419
philip 0.00023408239700374532 2.3556949183079943
phillips 0.00023408239700374532 4.060443010546419
philosophy 0.00046816479400749064 3.367295829986474
phyllis 0.00023408239700374532 3.367295829986474
picolisp 0.00046816479400749064 3.367295829986474
pipeline 0.00023408239700374532 2.5563656137701454
piping 0.00023408239700374532 3.654977902438255
pither 0.00023408239700374532 4.7535901911063645
pitman 0.00023408239700374532 3.367295829986474
pixie 0.0009363295880149813 4.7535901911063645
pixielang.org 0.00046816479400749064 4.7535901911063645
placed 0.00023408239700374532 2.268683541318364
platform 0.0028089887640449437 1.0647107369924282
platforms 0.0014044943820224719 1.3196029866212184
play 0.00023408239700374532 2.3556949183079943
player 0.00023408239700374532 2.6741486494265287
plt 0.00023408239700374532 3.654977902438255
plug-ins 0.00023408239700374532 3.654977902438255
plugin 0.00023408239700374532 2.451005098112319
plus 0.00046816479400749064 2.1886408336448278
pocket 0.00023408239700374532 2.9618307218783095
poetry 0.00023408239700374532 4.060443010546419
point 0.00046816479400749064 1.1426722784621401
policy 0.00046816479400749064 0.0
polymorphism 0.00046816479400749064 2.3556949183079943
pope 0.00023408239700374532 4.7535901911063645
poplog 0.00023408239700374532 3.1441522786722644
popular 0.00046816479400749064 1.575536360758419
popularity 0.00023408239700374532 2.268683541318364
port 0.00023408239700374532 2.3556949183079943
portable 0.00023408239700374532 1.7090677533829417
portal 0.00046816479400749064 1.4954936530848826
portalcomputer 0.00023408239700374532 4.7535901911063645
portalrecent 0.00023408239700374532 0.0
porting 0.00023408239700374532 3.367295829986474
positions 0.00023408239700374532 2.9618307218783095
possible 0.0007022471910112359 1.3196029866212184
practical 0.0007022471910112359 2.268683541318364
practicetechnical 0.00023408239700374532 3.367295829986474
pragmatic 0.0011704119850187266 3.654977902438255
prepared 0.00023408239700374532 4.060443010546419
prepl 0.00046816479400749064 4.7535901911063645
press 0.00023408239700374532 1.421385680931161
prevent 0.00023408239700374532 2.451005098112319
preview 0.00023408239700374532 2.268683541318364
price 0.00023408239700374532 3.654977902438255
primary 0.00023408239700374532 1.4954936530848826
primitive 0.00023408239700374532 2.1886408336448278
principle 0.00023408239700374532 3.1441522786722644
print 0.0007022471910112359 0.0
printing 0.00023408239700374532 3.1441522786722644
println 0.0007022471910112359 4.7535901911063645
prints 0.00023408239700374532 2.451005098112319
privacy 0.00046816479400749064 0.0
prn 0.00023408239700374532 4.060443010546419
problem 0.00023408239700374532 1.3196029866212184
proceedings 0.00023408239700374532 1.2878542883066382
process 0.0011704119850187266 1.0400181244020568
processed 0.00023408239700374532 2.8076800420510515
processing 0.00023408239700374532 0.946927701336045
program 0.00023408239700374532 0.4631307499579735
programbydesign 0.00023408239700374532 3.367295829986474
programmers 0.00023408239700374532 1.534714366238164
programming 0.008661048689138577 0.0
programs 0.0011704119850187266 0.6427163269330534
progression-of-time 0.00023408239700374532 4.7535901911063645
project 0.0009363295880149813 0.8217645583820389
projects 0.00046816479400749064 1.3196029866212184
prokopov 0.00046816479400749064 4.7535901911063645
prolog 0.00023408239700374532 1.8091512119399242
promoted 0.00023408239700374532 2.9618307218783095
pronunciation 0.00023408239700374532 3.654977902438255
protocol 0.00023408239700374532 2.451005098112319
protocols 0.00046816479400749064 3.367295829986474
provide 0.00023408239700374532 0.946927701336045
provided 0.00023408239700374532 1.0647107369924282
provides 0.0009363295880149813 0.9249487946172696
providing 0.00046816479400749064 1.8091512119399242
proxy 0.00023408239700374532 3.654977902438255
public 0.0007022471910112359 1.0900285449767182
publicly 0.00046816479400749064 2.114532861491106
publishing 0.0009363295880149813 1.9203768470501485
puppet 0.00046816479400749064 4.060443010546419
puppet.com 0.00023408239700374532 4.7535901911063645
pure 0.00023408239700374532 2.114532861491106
purpose 0.00023408239700374532 1.8632184332102
python 0.00023408239700374532 1.3523928094442093
q 0.00023408239700374532 2.0455399900041544
qualifies 0.00023408239700374532 4.7535901911063645
question 0.00023408239700374532 2.5563656137701454
questions 0.00046816479400749064 2.268683541318364
quote 0.0014044943820224719 2.6741486494265287
r. 0.00023408239700374532 1.3196029866212184
r5rs 0.00023408239700374532 3.654977902438255
r6rs 0.00023408239700374532 3.654977902438255
r7rs 0.00023408239700374532 3.654977902438255
racket 0.0007022471910112359 2.9618307218783095
radar 0.0007022471910112359 2.8076800420510515
ramachandra 0.00023408239700374532 4.7535901911063645
ramkumar 0.00023408239700374532 4.7535901911063645
rand-int 0.0009363295880149813 4.7535901911063645
random 0.00046816479400749064 2.114532861491106
range 0.0007022471910112359 1.7090677533829417
ranked 0.00023408239700374532 3.367295829986474
rathore 0.00023408239700374532 4.7535901911063645
rationale 0.00023408239700374532 3.367295829986474
re-frame 0.00046816479400749064 4.7535901911063645
reach 0.00023408239700374532 3.367295829986474
react 0.00046816479400749064 4.060443010546419
reactive 0.00023408239700374532 3.367295829986474
readeditview 0.00046816479400749064 0.0
reader 0.0028089887640449437 2.451005098112319
reading 0.00046816479400749064 1.1426722784621401
read–eval–print 0.00046816479400749064 3.367295829986474
reagent 0.00046816479400749064 4.7535901911063645
realtime 0.00023408239700374532 4.060443010546419
recent 0.00023408239700374532 1.9810014688665833
recipes 0.00023408239700374532 4.060443010546419
recommended 0.00023408239700374532 2.9618307218783095
records 0.00023408239700374532 1.8091512119399242
recur 0.00023408239700374532 4.7535901911063645
recursion 0.00046816479400749064 2.1886408336448278
redinger 0.00023408239700374532 4.7535901911063645
reducers 0.00023408239700374532 4.060443010546419
ref 0.00023408239700374532 3.367295829986474
reference 0.00046816479400749064 0.946927701336045
references 0.00023408239700374532 0.026202372394024117
refs 0.00023408239700374532 4.7535901911063645
registered 0.00023408239700374532 0.0
regression 0.00023408239700374532 4.7535901911063645
reify 0.00023408239700374532 4.7535901911063645
reilly 0.00023408239700374532 2.1886408336448278
relatively 0.00023408239700374532 2.3556949183079943
release 0.0028089887640449437 0.8823891801984737
release1.11.1 0.00023408239700374532 4.7535901911063645
released 0.00046816479400749064 1.0159205728229963
releasing 0.00023408239700374532 3.1441522786722644
relying 0.00023408239700374532 3.367295829986474
rem 0.0023408239700374533 4.060443010546419
remainder 0.0014044943820224719 3.1441522786722644
repeat 0.00023408239700374532 2.5563656137701454
repeatedly 0.00023408239700374532 3.367295829986474
repl 0.002106741573033708 3.1441522786722644
repl.it 0.00046816479400749064 4.7535901911063645
replacing 0.00023408239700374532 2.5563656137701454
report 0.0011704119850187266 1.3862943611198906
reporting 0.00046816479400749064 2.6741486494265287
represent 0.00023408239700374532 2.451005098112319
represented 0.00023408239700374532 1.9810014688665833
requests 0.00023408239700374532 2.9618307218783095
resnick 0.00023408239700374532 3.1441522786722644
respectively—three 0.00023408239700374532 4.7535901911063645
respondents 0.0007022471910112359 4.7535901911063645
restricted 0.00023408239700374532 2.114532861491106
result 0.00023408239700374532 1.0159205728229963
results 0.0009363295880149813 1.4954936530848826
retrieved 0.016853932584269662 0.0
returns 0.0014044943820224719 2.0455399900041544
rhine 0.00046816479400749064 4.7535901911063645
rhino 0.00023408239700374532 3.654977902438255
rich 0.006086142322097378 2.268683541318364
richard 0.0007022471910112359 1.575536360758419
robert 0.0016385767790262173 1.618095975177215
robust 0.00023408239700374532 2.8076800420510515
rochester 0.00046816479400749064 4.060443010546419
rocks 0.00023408239700374532 4.7535901911063645
rolling 0.00023408239700374532 4.7535901911063645
roman 0.0007022471910112359 4.7535901911063645
rose 0.0007022471910112359 4.060443010546419
rouge 0.00046816479400749064 4.7535901911063645
rpl 0.00023408239700374532 3.367295829986474
rpython 0.00023408239700374532 4.7535901911063645
rscheme 0.00023408239700374532 3.367295829986474
ruby 0.00046816479400749064 1.7578579175523736
rule 0.00023408239700374532 1.7578579175523736
rum 0.00046816479400749064 4.7535901911063645
run 0.0009363295880149813 0.8023464725249373
runs 0.0007022471910112359 1.7578579175523736
runtime 0.0009363295880149813 1.2272296664902032
russ 0.00023408239700374532 4.7535901911063645
russell 0.00023408239700374532 2.9618307218783095
rust 0.00023408239700374532 1.7578579175523736
ryan 0.00023408239700374532 3.367295829986474
s-1 0.00023408239700374532 3.367295829986474
s-expressions 0.00046816479400749064 3.367295829986474
s2cid 0.00023408239700374532 1.3862943611198906
sbcl 0.00023408239700374532 3.1441522786722644
scala 0.00023408239700374532 2.5563656137701454
scale 0.00023408239700374532 3.1441522786722644
scheme 0.0028089887640449437 2.5563656137701454
science 0.00023408239700374532 0.946927701336045
scm 0.00023408239700374532 3.1441522786722644
scott 0.00023408239700374532 2.6741486494265287
screeners 0.00023408239700374532 4.7535901911063645
script 0.00023408239700374532 1.7090677533829417
scripting 0.00023408239700374532 1.4954936530848826
scsh 0.00023408239700374532 3.367295829986474
sdk 0.00023408239700374532 2.9618307218783095
se 0.00023408239700374532 4.060443010546419
search 0.00023408239700374532 0.0
see 0.0007022471910112359 0.4361020775700542
seen 0.00023408239700374532 2.1886408336448278
selects 0.00023408239700374532 3.1441522786722644
self-contained 0.00023408239700374532 2.9618307218783095
self-hosting 0.00023408239700374532 2.9618307218783095
semantics 0.00023408239700374532 1.4577533251020356
sent 0.00023408239700374532 2.451005098112319
september 0.00023408239700374532 0.9249487946172696
sequence 0.00023408239700374532 1.8632184332102
sequences 0.00046816479400749064 2.6741486494265287
sequential 0.00023408239700374532 2.451005098112319
serial 0.00023408239700374532 3.1441522786722644
serialisation 0.00023408239700374532 4.7535901911063645
serialize 0.00023408239700374532 4.060443010546419
series 0.00046816479400749064 1.4954936530848826
server 0.00023408239700374532 1.4954936530848826
services 0.00023408239700374532 1.3862943611198906
servlets 0.00046816479400749064 3.654977902438255
set 0.00046816479400749064 0.6931471805599453
sets 0.0007022471910112359 1.618095975177215
several 0.00023408239700374532 0.7282385003712155
seymour 0.00023408239700374532 3.1441522786722644
shared 0.00023408239700374532 1.7090677533829417
short 0.00023408239700374532 0.4361020775700542
show 0.00023408239700374532 2.1886408336448278
showmessagedialog 0.00023408239700374532 4.7535901911063645
shown 0.00023408239700374532 1.7090677533829417
shrago 0.00023408239700374532 4.7535901911063645
shriram 0.00023408239700374532 2.9618307218783095
sicp 0.00023408239700374532 3.367295829986474
side-effect-based 0.00023408239700374532 4.7535901911063645
sidebar 0.00046816479400749064 0.0
sierra 0.00023408239700374532 4.060443010546419
significant 0.00023408239700374532 1.3862943611198906
silence 0.00023408239700374532 4.7535901911063645
silenced 0.00023408239700374532 4.7535901911063645
similar 0.0009363295880149813 0.946927701336045
similar-sounding 0.00023408239700374532 4.7535901911063645
simon 0.00023408239700374532 2.8076800420510515
simple 0.0007022471910112359 1.1160040313799788
simplicity 0.00046816479400749064 2.9618307218783095
since 0.0007022471910112359 0.9249487946172696
siod 0.00023408239700374532 3.367295829986474
site 0.00023408239700374532 0.0
size 0.00023408239700374532 1.8632184332102
skill 0.00023408239700374532 3.1441522786722644
small 0.00046816479400749064 0.9034425893963061
snyk 0.00023408239700374532 4.7535901911063645
snyk.io 0.00023408239700374532 4.7535901911063645
sobering 0.00023408239700374532 4.7535901911063645
socket 0.00023408239700374532 3.654977902438255
software 0.0018726591760299626 0.371563556432483
softwarearticles 0.00023408239700374532 4.7535901911063645
softwarecross-platform 0.00023408239700374532 3.367295829986474
softwaredynamic 0.00023408239700374532 3.367295829986474
solomon 0.00023408239700374532 3.367295829986474
some 0.00023408239700374532 1.4577533251020356
sotnikov 0.00023408239700374532 4.7535901911063645
sought 0.00023408239700374532 4.060443010546419
source 0.0009363295880149813 0.659245628884264
sourceforge.net 0.0007022471910112359 3.654977902438255
space-cadet 0.00023408239700374532 3.367295829986474
spec 0.00046816479400749064 2.9618307218783095
spec.alpha 0.00023408239700374532 4.7535901911063645
special 0.00023408239700374532 1.2878542883066382
spent 0.00023408239700374532 3.367295829986474
spice 0.00023408239700374532 3.367295829986474
spring 0.00023408239700374532 3.654977902438255
squawk 0.00023408239700374532 4.7535901911063645
srpskisuomisvenskatürkçeукраїнська粵語中文 0.00023408239700374532 4.7535901911063645
stable 0.0007022471910112359 0.9034425893963061
stack 0.00023408239700374532 1.575536360758419
stallman 0.00023408239700374532 2.8076800420510515
standard 0.0007022471910112359 0.6931471805599453
standards 0.00023408239700374532 1.6625477377480486
stanford 0.00023408239700374532 2.3556949183079943
starch 0.00023408239700374532 3.654977902438255
starlogo 0.00023408239700374532 3.1441522786722644
start 0.00023408239700374532 1.575536360758419
started 0.00046816479400749064 1.421385680931161
starts 0.00023408239700374532 2.451005098112319
state 0.002106741573033708 1.421385680931161
statement 0.00023408239700374532 0.0
states 0.0011704119850187266 1.0400181244020568
static 0.00046816479400749064 1.3523928094442093
statistics 0.00023408239700374532 0.0
status 0.00023408239700374532 2.1886408336448278
steel 0.00023408239700374532 3.1441522786722644
steele 0.00046816479400749064 2.9618307218783095
steve 0.00023408239700374532 2.451005098112319
stewardship 0.00023408239700374532 4.7535901911063645
still 0.00023408239700374532 1.1700712526502546
storage 0.00023408239700374532 1.575536360758419
stories 0.00023408239700374532 2.9618307218783095
string 0.00023408239700374532 1.0900285449767182
strings 0.00023408239700374532 1.6625477377480486
strong 0.00046816479400749064 1.8632184332102
structure 0.00046816479400749064 1.2878542883066382
structures 0.002106741573033708 1.1700712526502546
struts 0.00023408239700374532 3.654977902438255
strömberg 0.00023408239700374532 4.7535901911063645
stuart 0.0009363295880149813 3.654977902438255
studio 0.00023408239700374532 1.7090677533829417
subclass 0.00023408239700374532 4.060443010546419
sublime 0.00023408239700374532 4.060443010546419
sublimed 0.00046816479400749064 4.7535901911063645
submit 0.00023408239700374532 4.060443010546419
subsection 0.00046816479400749064 0.7282385003712155
subset 0.00046816479400749064 2.0455399900041544
success 0.00023408239700374532 2.8076800420510515
sun 0.0009363295880149813 2.5563656137701454
superset 0.00023408239700374532 2.268683541318364
support 0.0018726591760299626 0.5194836865091053
supported 0.00023408239700374532 0.9249487946172696
supports 0.0014044943820224719 0.8415671856782185
survey 0.0011704119850187266 3.1441522786722644
sussman 0.00046816479400749064 3.367295829986474
swap 0.0007022471910112359 3.654977902438255
swaps 0.00023408239700374532 3.654977902438255
swing 0.00023408239700374532 4.7535901911063645
symbiotic 0.00023408239700374532 4.7535901911063645
symbol 0.00046816479400749064 1.8632184332102
symbolics 0.00046816479400749064 3.367295829986474
symbols 0.0009363295880149813 1.9203768470501485
syntactic 0.00023408239700374532 1.9203768470501485
syntactically 0.00023408239700374532 3.367295829986474
syntax 0.0014044943820224719 0.5488975717153985
system 0.0028089887640449437 0.22099069795310872
systems 0.00023408239700374532 0.5488975717153985
szabo 0.00023408239700374532 4.7535901911063645
t 0.00046816479400749064 1.8632184332102
table 0.00046816479400749064 0.0
tag 0.00023408239700374532 2.8076800420510515
tagged 0.00023408239700374532 3.1441522786722644
tags 0.00023408239700374532 2.8076800420510515
tail 0.0007022471910112359 3.367295829986474
tappan 0.00023408239700374532 3.367295829986474
target 0.00023408239700374532 1.8091512119399242
targets 0.00023408239700374532 2.9618307218783095
team 0.0007022471910112359 1.6625477377480486
technologies 0.0007022471910112359 1.7090677533829417
technology 0.0009363295880149813 0.8023464725249373
tecnologia 0.00023408239700374532 4.7535901911063645
tensegritics 0.00023408239700374532 4.7535901911063645
termed 0.00023408239700374532 2.5563656137701454
terms 0.0007022471910112359 0.0
text 0.0007022471910112359 0.0
the 0.0032771535580524347 0.03509131981127019
thenewstack.io 0.00023408239700374532 4.7535901911063645
these 0.00023408239700374532 1.1700712526502546
thesis 0.00023408239700374532 2.451005098112319
third-party 0.00023408239700374532 2.451005098112319
this 0.0011704119850187266 0.0
though 0.00046816479400749064 1.534714366238164
thoughtworks 0.0007022471910112359 4.7535901911063645
thoughtworks.com 0.00046816479400749064 4.7535901911063645
thread 0.00023408239700374532 2.6741486494265287
thread-safe 0.00046816479400749064 4.7535901911063645
threading 0.00046816479400749064 4.060443010546419
threads 0.00023408239700374532 2.451005098112319
three 0.00023408239700374532 1.198242129616951
thus 0.00023408239700374532 1.0159205728229963
ti 0.00023408239700374532 2.8076800420510515
ticket 0.00023408239700374532 4.060443010546419
tim 0.00023408239700374532 4.060443010546419
time 0.0009363295880149813 0.6760527472006452
timeline 0.00023408239700374532 1.4954936530848826
timothy 0.0009363295880149813 3.1441522786722644
tinyscheme 0.00023408239700374532 3.367295829986474
title 0.00023408239700374532 0.0
title=clojure 0.00023408239700374532 4.7535901911063645
tmp 0.00046816479400749064 4.060443010546419
to 0.00023408239700374532 1.0159205728229963
toggle 0.0011704119850187266 0.0
tom 0.00023408239700374532 1.9810014688665833
tooling 0.00046816479400749064 4.060443010546419
tools 0.0023408239700374533 0.0
top 0.0009363295880149813 0.0
toplink 0.00023408239700374532 4.7535901911063645
torre 0.00023408239700374532 4.7535901911063645
trademark 0.00023408239700374532 0.0
traditionally 0.00023408239700374532 2.8076800420510515
transactional 0.0009363295880149813 3.654977902438255
transactions 0.00046816479400749064 2.9618307218783095
transducers 0.0018726591760299626 4.7535901911063645
transduction 0.00023408239700374532 4.7535901911063645
transfer 0.00023408239700374532 2.6741486494265287
transformation 0.00046816479400749064 2.3556949183079943
transformations 0.00046816479400749064 2.6741486494265287
transition 0.00023408239700374532 2.6741486494265287
treats 0.00023408239700374532 3.654977902438255
tree 0.00023408239700374532 2.3556949183079943
triage 0.00023408239700374532 4.7535901911063645
true 0.0009363295880149813 1.4577533251020356
turning 0.00023408239700374532 3.1441522786722644
tutkain 0.00046816479400749064 4.7535901911063645
twitch.tv 0.0007022471910112359 4.7535901911063645
twitter 0.0009363295880149813 3.654977902438255
twitter.com 0.0009363295880149813 4.7535901911063645
two 0.0007022471910112359 0.6931471805599453
type 0.0009363295880149813 0.659245628884264
typed 0.00023408239700374532 1.1700712526502546
types 0.00046816479400749064 0.7462570058738937
typical 0.00023408239700374532 2.6741486494265287
typically 0.00023408239700374532 1.4954936530848826
typing 0.0007022471910112359 0.7832982775542428
ucblogo 0.00023408239700374532 3.367295829986474
unble 0.00023408239700374532 4.7535901911063645
unintended 0.00046816479400749064 4.7535901911063645
unique 0.00046816479400749064 2.1886408336448278
united 0.00023408239700374532 1.0647107369924282
university 0.00046816479400749064 0.8823891801984737
unlike 0.00023408239700374532 1.6625477377480486
unstandardizedlogo 0.00023408239700374532 3.367295829986474
urs 0.00023408239700374532 3.654977902438255
usdonate 0.00023408239700374532 0.0
use 0.0009363295880149813 0.0
used 0.0014044943820224719 0.18924199963852834
user 0.0035112359550561797 0.8415671856782185
user-defined 0.00023408239700374532 1.8091512119399242
user.clj 0.00023408239700374532 4.7535901911063645
uses 0.0009363295880149813 0.7832982775542428
using 0.0023408239700374533 0.0
utc 0.00023408239700374532 0.0
v 0.0007022471910112359 4.060443010546419
v1 0.0007022471910112359 4.060443010546419
v2 0.0007022471910112359 3.367295829986474
value 0.0009363295880149813 0.946927701336045
values 0.0007022471910112359 0.9923900754128022
van 0.00023408239700374532 2.114532861491106
vanderhart 0.00023408239700374532 4.7535901911063645
vandgrift 0.00023408239700374532 4.7535901911063645
var 0.0011704119850187266 2.268683541318364
variable 0.00023408239700374532 1.0159205728229963
vars 0.00023408239700374532 4.7535901911063645
vec 0.00023408239700374532 4.060443010546419
vec-refs 0.0014044943820224719 4.7535901911063645
vectors 0.0014044943820224719 2.6741486494265287
version 0.0014044943820224719 0.0
versionfuture 0.00023408239700374532 4.060443010546419
versionlatest 0.00023408239700374532 4.060443010546419
versionolder 0.00023408239700374532 4.060443010546419
via 0.00023408239700374532 1.0400181244020568
view 0.00023408239700374532 0.0
vim 0.00046816479400749064 3.654977902438255
vim-iced 0.00046816479400749064 4.7535901911063645
vim.org 0.00023408239700374532 4.7535901911063645
vim8 0.00023408239700374532 4.7535901911063645
virtual 0.0009363295880149813 1.1426722784621401
visible 0.00023408239700374532 2.5563656137701454
visual 0.0007022471910112359 0.9923900754128022
visualstudio.com 0.00046816479400749064 4.7535901911063645
vm 0.00046816479400749064 2.5563656137701454
vtejava 0.00023408239700374532 4.7535901911063645
vtelisp 0.00023408239700374532 3.367295829986474
w 0.00023408239700374532 0.0
wally 0.00023408239700374532 3.367295829986474
walmart 0.00046816479400749064 4.060443010546419
wanted 0.00023408239700374532 2.6741486494265287
warrants 0.00023408239700374532 4.7535901911063645
way 0.00023408239700374532 0.9249487946172696
web 0.00046816479400749064 0.946927701336045
website 0.00023408239700374532 0.9923900754128022
websiteclojure.orginfluenced 0.00023408239700374532 4.7535901911063645
wei 0.00023408239700374532 4.7535901911063645
weinreb 0.00023408239700374532 3.367295829986474
well 0.00023408239700374532 1.1700712526502546
well-defined 0.00023408239700374532 2.9618307218783095
western 0.00023408239700374532 3.654977902438255
what 0.00046816479400749064 0.0
when 0.00023408239700374532 1.1700712526502546
while 0.00046816479400749064 1.3196029866212184
whose 0.00023408239700374532 2.114532861491106
why 0.00023408239700374532 2.451005098112319
wikibooks 0.00023408239700374532 2.1886408336448278
wikidataarticles 0.00023408239700374532 1.2570826296398845
wikimedia 0.00046816479400749064 0.0
wikipedia 0.0011704119850187266 0.0
wikipediacontact 0.00023408239700374532 0.0
wikipedia® 0.00023408239700374532 0.0
wildfly 0.00023408239700374532 4.7535901911063645
wilkerson 0.00023408239700374532 4.7535901911063645
william 0.00023408239700374532 1.8632184332102
williams 0.00023408239700374532 3.367295829986474
windows 0.00023408239700374532 0.9034425893963061
with 0.00023408239700374532 1.534714366238164
within 0.00023408239700374532 1.0159205728229963
without 0.00023408239700374532 0.9249487946172696
wolfram 0.00023408239700374532 4.060443010546419
word 0.00023408239700374532 1.618095975177215
work 0.00023408239700374532 1.1160040313799788
workers 0.00023408239700374532 3.1441522786722644
workflow 0.00023408239700374532 2.8076800420510515
working 0.0009363295880149813 1.198242129616951
world 0.00046816479400749064 0.9034425893963061
write 0.0007022471910112359 1.198242129616951
written 0.00046816479400749064 0.44952509790219486
wufoo.com 0.00023408239700374532 4.7535901911063645
x 0.00023408239700374532 0.8415671856782185
x3j13 0.00023408239700374532 3.367295829986474
xanalys 0.00023408239700374532 3.367295829986474
xml 0.00023408239700374532 1.9810014688665833
yarv 0.00023408239700374532 4.7535901911063645
years 0.0007022471910112359 0.47692407209030935
you 0.00023408239700374532 1.3196029866212184
youtube.com 0.0014044943820224719 4.060443010546419
zetalispoperating 0.00023408239700374532 3.367295829986474
zil 0.00023408239700374532 3.654977902438255
zork 0.00023408239700374532 3.654977902438255
~ 0.00023408239700374532 2.3556949183079943
~x 0.00023408239700374532 4.7535901911063645
~y 0.00023408239700374532 4.7535901911063645
ˈkloʊʒər 0.00023408239700374532 4.7535901911063645
العربيةazərbaycancacatalàčeštinadeutscheestiελληνικάespañolفارسیfrançais한국어íslenskaitalianoעבריתქართული日本語norsk 0.00023408239700374532 4.7535901911063645
