+ 0.001388888888888889 0.9923900754128022
-detail 0.001388888888888889 4.7535901911063645
... 0.001388888888888889 1.0400181244020568
0-262-02225-7 0.001388888888888889 4.7535901911063645
01001 0.001388888888888889 4.7535901911063645
01002 0.001388888888888889 4.7535901911063645
01003 0.001388888888888889 4.7535901911063645
01004 0.001388888888888889 4.7535901911063645
01005 0.001388888888888889 4.7535901911063645
01006 0.001388888888888889 4.7535901911063645
01007 0.001388888888888889 4.7535901911063645
01008 0.001388888888888889 4.7535901911063645
01009 0.001388888888888889 4.7535901911063645
01010 0.001388888888888889 4.7535901911063645
01011 0.001388888888888889 4.7535901911063645
01012 0.001388888888888889 4.7535901911063645
01013 0.001388888888888889 4.7535901911063645
01014 0.001388888888888889 4.7535901911063645
01015 0.001388888888888889 4.7535901911063645
01016 0.001388888888888889 4.7535901911063645
01017 0.001388888888888889 4.7535901911063645
01018 0.001388888888888889 4.7535901911063645
02001 0.001388888888888889 4.7535901911063645
02002 0.001388888888888889 4.7535901911063645
02003 0.001388888888888889 4.7535901911063645
02004 0.001388888888888889 4.7535901911063645
02005 0.001388888888888889 4.7535901911063645
02006 0.001388888888888889 4.7535901911063645
02007 0.001388888888888889 4.7535901911063645
02008 0.001388888888888889 4.7535901911063645
02009 0.001388888888888889 4.7535901911063645
02010 0.001388888888888889 4.7535901911063645
02011 0.001388888888888889 4.7535901911063645
02012 0.001388888888888889 4.7535901911063645
02013 0.001388888888888889 4.7535901911063645
02014 0.001388888888888889 4.7535901911063645
02015 0.001388888888888889 4.7535901911063645
02016 0.001388888888888889 4.7535901911063645
02017 0.001388888888888889 4.7535901911063645
02018 0.001388888888888889 4.7535901911063645
02019 0.001388888888888889 4.7535901911063645
02020 0.001388888888888889 4.7535901911063645
02021 0.001388888888888889 4.7535901911063645
1 0.005555555555555556 0.05310982531394833
1.5 0.001388888888888889 2.6741486494265287
12 0.001388888888888889 0.7105389232718146
1234 0.001388888888888889 3.654977902438255
1957 0.004166666666666667 3.367295829986474
1957hidden 0.001388888888888889 4.060443010546419
1958 0.001388888888888889 2.8076800420510515
1960 0.001388888888888889 2.5563656137701454
1986 0.001388888888888889 1.7578579175523736
1contributions 0.001388888888888889 4.7535901911063645
2014 0.001388888888888889 1.2272296664902032
2014all 0.001388888888888889 2.9618307218783095
2022 0.002777777777777778 0.47692407209030935
22:24 0.001388888888888889 4.7535901911063645
28 0.001388888888888889 1.198242129616951
2picture 0.001388888888888889 4.7535901911063645
3.0 0.001388888888888889 0.0
3sample 0.001388888888888889 4.7535901911063645
40 0.004166666666666667 1.8632184332102
4references 0.001388888888888889 2.114532861491106
5further 0.001388888888888889 4.060443010546419
6external 0.001388888888888889 2.0455399900041544
8.2m 0.002777777777777778 4.7535901911063645
87 0.001388888888888889 2.3556949183079943
87. 0.001388888888888889 4.7535901911063645
= 0.011111111111111112 0.6104554647148319
a 0.001388888888888889 0.1584703409717747
about 0.001388888888888889 0.0
account 0.001388888888888889 0.0
accountlog 0.001388888888888889 0.0
across 0.001388888888888889 0.0
ada 0.001388888888888889 1.421385680931161
adding 0.001388888888888889 0.8823891801984737
additional 0.005555555555555556 0.0
agree 0.001388888888888889 0.0
algol 0.001388888888888889 1.3523928094442093
all 0.002777777777777778 1.2272296664902032
alphabetical 0.001388888888888889 2.114532861491106
apl 0.001388888888888889 1.9810014688665833
appeared1957 0.001388888888888889 4.060443010546419
apply 0.001388888888888889 0.0
article 0.005555555555555556 0.0
articleabout 0.001388888888888889 0.0
articles 0.004166666666666667 0.1584703409717747
articletalk 0.001388888888888889 0.0
assembly 0.001388888888888889 1.2272296664902032
assigning 0.001388888888888889 3.1441522786722644
at 0.005555555555555556 1.3523928094442093
attribution-sharealike 0.001388888888888889 0.0
available 0.001388888888888889 0.0
back 0.001388888888888889 1.8091512119399242
bashe 0.001388888888888889 4.7535901911063645
basic 0.004166666666666667 0.7646061445420904
became 0.001388888888888889 1.575536360758419
bemer 0.001388888888888889 4.060443010546419
bemerfirst 0.001388888888888889 4.7535901911063645
bob 0.001388888888888889 2.1886408336448278
bond.routine 0.001388888888888889 4.7535901911063645
bondaccum 0.001388888888888889 4.7535901911063645
bondaccumulation 0.001388888888888889 4.7535901911063645
bondeduct 0.004166666666666667 4.7535901911063645
bondeduction 0.001388888888888889 4.7535901911063645
bondenom 0.001388888888888889 4.7535901911063645
bondenomination 0.001388888888888889 4.7535901911063645
books 0.001388888888888889 1.0159205728229963
breaks 0.001388888888888889 3.654977902438255
business 0.001388888888888889 1.2878542883066382
by 0.001388888888888889 0.0
byflow-maticinfluencedcobol 0.001388888888888889 4.7535901911063645
c 0.002777777777777778 0.38414233863934316
c++ 0.001388888888888889 0.8823891801984737
c. 0.001388888888888889 1.0900285449767182
calculations 0.001388888888888889 2.3556949183079943
call 0.001388888888888889 1.2570826296398845
categorical 0.001388888888888889 2.0455399900041544
categories 0.002777777777777778 0.026202372394024117
category 0.001388888888888889 0.6931471805599453
challenged 0.001388888888888889 1.8091512119399242
changesupload 0.002777777777777778 0.0
charles 0.001388888888888889 1.534714366238164
citations 0.002777777777777778 1.2272296664902032
classic 0.001388888888888889 1.7090677533829417
clause 0.009722222222222222 2.451005098112319
close 0.001388888888888889 2.0455399900041544
cobol 0.008333333333333333 1.7578579175523736
code 0.001388888888888889 0.3468709438421115
commercial 0.004166666666666667 1.421385680931161
commons 0.001388888888888889 0.0
compare.employee.numbers 0.004166666666666667 4.7535901911063645
comparison 0.001388888888888889 0.8415671856782185
compute.pay 0.002777777777777778 4.7535901911063645
computers 0.001388888888888889 1.198242129616951
comtran 0.008333333333333333 4.060443010546419
comtrandeveloperbob 0.001388888888888889 4.7535901911063645
consists 0.001388888888888889 1.9203768470501485
constant 0.001388888888888889 2.0455399900041544
contact 0.001388888888888889 0.0
content 0.001388888888888889 0.0
contents 0.004166666666666667 0.0
contribute 0.001388888888888889 0.0
contributions 0.001388888888888889 2.9618307218783095
contributionstalk 0.001388888888888889 0.0
cookie 0.001388888888888889 0.0
corresponding 0.001388888888888889 1.421385680931161
create 0.002777777777777778 0.0
created 0.001388888888888889 0.4361020775700542
creative 0.001388888888888889 0.0
d 0.001388888888888889 1.9810014688665833
data 0.001388888888888889 0.4228568508200336
dead 0.004166666666666667 2.3556949183079943
december 0.001388888888888889 0.7282385003712155
defines 0.001388888888888889 1.9203768470501485
department.total 0.001388888888888889 4.7535901911063645
description 0.001388888888888889 0.3468709438421115
descriptionshort 0.001388888888888889 0.4631307499579735
detail 0.02361111111111111 2.9618307218783095
developed 0.004166666666666667 0.5488975717153985
developers 0.001388888888888889 0.0
different 0.001388888888888889 0.39688136441677296
digits 0.001388888888888889 3.367295829986474
disclaimers 0.001388888888888889 0.0
dividing 0.001388888888888889 4.060443010546419
do 0.008333333333333333 2.268683541318364
download 0.001388888888888889 0.0
dpt 0.001388888888888889 4.7535901911063645
early 0.002777777777777778 1.3196029866212184
edit 0.009722222222222222 0.0
editcommunity 0.001388888888888889 0.0
edited 0.001388888888888889 0.0
editors 0.001388888888888889 0.0
element 0.002777777777777778 1.8632184332102
elements 0.001388888888888889 1.2878542883066382
emerson 0.001388888888888889 4.7535901911063645
employee.number 0.001388888888888889 4.7535901911063645
employno 0.011111111111111112 4.7535901911063645
en.wikipedia.org 0.001388888888888889 0.0
encyclopedia 0.001388888888888889 0.0
end 0.005555555555555556 0.9034425893963061
end.of.details 0.002777777777777778 4.7535901911063645
end.of.masters 0.004166666666666667 4.7535901911063645
end.of.run 0.004166666666666667 4.7535901911063645
english 0.001388888888888889 0.0
equal 0.002777777777777778 2.3556949183079943
equivalent 0.001388888888888889 1.6625477377480486
erlang 0.001388888888888889 1.8632184332102
error.file 0.002777777777777778 4.7535901911063645
errorcode 0.002777777777777778 4.7535901911063645
eventsrandom 0.001388888888888889 0.0
example 0.001388888888888889 0.49091031406504926
export 0.001388888888888889 0.0
external 0.004166666666666667 0.17887921260298179
f28-8043 0.001388888888888889 4.7535901911063645
feature 0.001388888888888889 1.421385680931161
february 0.002777777777777778 0.626455806061273
fica 0.001388888888888889 4.7535901911063645
fica.routine 0.001388888888888889 4.7535901911063645
figurative 0.001388888888888889 4.7535901911063645
file 0.006944444444444444 0.0
files 0.002777777777777778 1.0647107369924282
filespecial 0.001388888888888889 0.0
first 0.001388888888888889 0.5050949490570057
for 0.001388888888888889 0.5639354490799391
forerunners 0.001388888888888889 4.7535901911063645
format 0.001388888888888889 1.4577533251020356
formatted 0.001388888888888889 2.8076800420510515
formatting 0.001388888888888889 2.8076800420510515
formula 0.001388888888888889 3.1441522786722644
forth 0.001388888888888889 1.8632184332102
fortran 0.004166666666666667 1.575536360758419
foundation 0.001388888888888889 0.0
free 0.001388888888888889 0.0
from 0.001388888888888889 0.0
further 0.001388888888888889 1.2272296664902032
genealogy 0.001388888888888889 4.7535901911063645
general 0.002777777777777778 0.861769892995738
generational 0.001388888888888889 2.114532861491106
get 0.004166666666666667 1.3523928094442093
get.detail 0.002777777777777778 4.7535901911063645
get.master 0.001388888888888889 4.7535901911063645
go 0.013888888888888888 0.0
grand.total 0.001388888888888889 4.7535901911063645
greater 0.001388888888888889 2.5563656137701454
gross 0.005555555555555556 4.060443010546419
haskell 0.001388888888888889 1.575536360758419
help 0.001388888888888889 0.626455806061273
helplearn 0.001388888888888889 0.0
hererelated 0.001388888888888889 0.0
hide 0.001388888888888889 0.0
high-value 0.001388888888888889 4.7535901911063645
high.detail 0.001388888888888889 4.7535901911063645
high.value 0.005555555555555556 4.7535901911063645
history 0.004166666666666667 0.0
hours 0.002777777777777778 3.654977902438255
https 0.001388888888888889 0.0
ibm 0.005555555555555556 1.3523928094442093
if 0.005555555555555556 0.8823891801984737
important 0.001388888888888889 1.575536360758419
improve 0.001388888888888889 0.9249487946172696
in 0.002777777777777778 0.371563556432483
inc. 0.001388888888888889 0.0
incorporated 0.001388888888888889 2.114532861491106
index 0.001388888888888889 1.6625477377480486
index.php 0.001388888888888889 0.0
influenced 0.001388888888888889 1.3196029866212184
informationcite 0.001388888888888889 0.0
input 0.001388888888888889 1.0159205728229963
insprem 0.001388888888888889 4.7535901911063645
insurance 0.001388888888888889 2.9618307218783095
insurance.prem 0.001388888888888889 4.7535901911063645
intended 0.001388888888888889 1.4577533251020356
is 0.005555555555555556 1.8632184332102
isbn 0.001388888888888889 0.6760527472006452
it 0.005555555555555556 0.17887921260298179
item 0.002777777777777778 0.0
java 0.001388888888888889 0.9249487946172696
javascript 0.001388888888888889 1.4577533251020356
john 0.001388888888888889 1.2272296664902032
johnson 0.001388888888888889 3.1441522786722644
jstor 0.001388888888888889 1.3523928094442093
jump 0.001388888888888889 0.0
jumps 0.001388888888888889 2.9618307218783095
june 0.001388888888888889 0.7646061445420904
known 0.001388888888888889 1.1426722784621401
kotlin 0.001388888888888889 1.9810014688665833
language 0.011111111111111112 0.0
languages 0.005555555555555556 0.0
languagesprogramming 0.001388888888888889 0.9249487946172696
last 0.001388888888888889 0.0
learn 0.002777777777777778 0.0
less 0.001388888888888889 1.8632184332102
letters 0.001388888888888889 2.3556949183079943
license 0.001388888888888889 0.0
like 0.001388888888888889 0.5340824859302579
line 0.002777777777777778 0.946927701336045
link 0.001388888888888889 1.3862943611198906
linkpage 0.001388888888888889 0.0
links 0.008333333333333333 0.0
linksarticles 0.001388888888888889 1.8091512119399242
lisp 0.001388888888888889 1.2272296664902032
lists 0.001388888888888889 1.1426722784621401
log 0.001388888888888889 0.0
logged 0.001388888888888889 0.0
low.detail 0.002777777777777778 4.7535901911063645
lua 0.001388888888888889 1.9203768470501485
lyle 0.001388888888888889 4.7535901911063645
m 0.001388888888888889 2.268683541318364
main 0.002777777777777778 0.0
manual 0.002777777777777778 1.1700712526502546
master 0.013888888888888888 2.8076800420510515
masteremployno 0.001388888888888889 4.7535901911063645
material 0.001388888888888889 1.7578579175523736
matlab 0.001388888888888889 1.9203768470501485
may 0.002777777777777778 0.0
message 0.001388888888888889 0.6760527472006452
mit 0.001388888888888889 1.3862943611198906
ml 0.001388888888888889 1.4577533251020356
mobile 0.001388888888888889 0.0
modern 0.001388888888888889 1.4577533251020356
more 0.001388888888888889 0.0
move 0.005555555555555556 0.0
name 0.001388888888888889 0.8217645583820389
names 0.002777777777777778 1.534714366238164
navigation 0.001388888888888889 0.0
needing 0.002777777777777778 1.534714366238164
needs 0.001388888888888889 1.3523928094442093
net 0.001388888888888889 2.8076800420510515
netpay 0.001388888888888889 4.7535901911063645
news 0.001388888888888889 1.0400181244020568
newspapers 0.001388888888888889 1.3523928094442093
non-english-based 0.001388888888888889 2.0455399900041544
non-profit 0.001388888888888889 0.0
not 0.001388888888888889 1.421385680931161
november 0.001388888888888889 0.861769892995738
number 0.001388888888888889 0.8823891801984737
numeric 0.001388888888888889 1.9810014688665833
object 0.001388888888888889 0.7646061445420904
oldid=1130164692 0.001388888888888889 4.7535901911063645
on 0.001388888888888889 0.0
one 0.001388888888888889 0.44952509790219486
open 0.001388888888888889 1.0900285449767182
operating 0.001388888888888889 1.0159205728229963
operations 0.001388888888888889 1.421385680931161
organization 0.001388888888888889 0.0
otherwise 0.002777777777777778 1.9810014688665833
output 0.001388888888888889 1.0900285449767182
page 0.005555555555555556 0.0
pagecontentscurrent 0.001388888888888889 0.0
pages 0.001388888888888889 0.0
pagespermanent 0.001388888888888889 0.0
pagewikidata 0.001388888888888889 0.0
palmer 0.001388888888888889 4.7535901911063645
paragraph 0.002777777777777778 3.1441522786722644
paragraphing 0.001388888888888889 4.7535901911063645
paragraphs 0.002777777777777778 3.654977902438255
part 0.001388888888888889 0.8023464725249373
particular 0.001388888888888889 1.7578579175523736
pascal 0.002777777777777778 1.1426722784621401
passing 0.001388888888888889 1.8632184332102
payrecord 0.004166666666666667 4.7535901911063645
payroll 0.001388888888888889 4.060443010546419
pdf 0.002777777777777778 0.659245628884264
pdfprintable 0.001388888888888889 0.0
perl 0.001388888888888889 1.575536360758419
personal 0.001388888888888889 0.0
php 0.001388888888888889 2.0455399900041544
picture 0.006944444444444444 2.9618307218783095
please 0.001388888888888889 1.0159205728229963
policy 0.002777777777777778 0.0
portalrecent 0.001388888888888889 0.0
português 0.001388888888888889 4.7535901911063645
press 0.001388888888888889 1.421385680931161
print 0.001388888888888889 0.0
privacy 0.002777777777777778 0.0
procedural 0.001388888888888889 1.2878542883066382
procedure 0.001388888888888889 1.7090677533829417
program 0.005555555555555556 0.4631307499579735
programmers 0.001388888888888889 1.534714366238164
programming 0.008333333333333333 0.0
prolog 0.001388888888888889 1.8091512119399242
pugh 0.001388888888888889 4.7535901911063645
python 0.001388888888888889 1.3523928094442093
r 0.001388888888888889 1.3196029866212184
rate 0.002777777777777778 2.8076800420510515
read 0.001388888888888889 1.4954936530848826
readeditview 0.002777777777777778 0.0
reading 0.002777777777777778 1.1426722784621401
reference 0.002777777777777778 0.946927701336045
references 0.002777777777777778 0.026202372394024117
referencesall 0.001388888888888889 3.654977902438255
registered 0.001388888888888889 0.0
reliable 0.001388888888888889 1.1426722784621401
remove 0.001388888888888889 0.9249487946172696
removed.find 0.001388888888888889 2.0455399900041544
retirement 0.001388888888888889 4.060443010546419
retirement.prem 0.001388888888888889 4.7535901911063645
retprem 0.001388888888888889 4.7535901911063645
retrieved 0.001388888888888889 0.0
return-code 0.001388888888888889 4.7535901911063645
ruby 0.001388888888888889 1.7578579175523736
rust 0.001388888888888889 1.7578579175523736
sample 0.002777777777777778 2.268683541318364
scholar 0.001388888888888889 1.2878542883066382
scientific 0.001388888888888889 2.0455399900041544
scratch 0.001388888888888889 1.8091512119399242
search 0.002777777777777778 0.0
see 0.001388888888888889 0.4361020775700542
seen 0.002777777777777778 2.1886408336448278
served 0.001388888888888889 3.1441522786722644
set 0.006944444444444444 0.6931471805599453
several 0.001388888888888889 0.7282385003712155
shell 0.001388888888888889 1.4577533251020356
short 0.001388888888888889 0.4361020775700542
sidebar 0.002777777777777778 0.0
significant 0.001388888888888889 1.3862943611198906
similar 0.001388888888888889 0.946927701336045
simula 0.001388888888888889 1.6625477377480486
site 0.001388888888888889 0.0
smalltalk 0.001388888888888889 1.9203768470501485
solve 0.001388888888888889 2.3556949183079943
sources 0.002777777777777778 0.861769892995738
specifier 0.001388888888888889 3.367295829986474
sql 0.001388888888888889 1.4954936530848826
start 0.001388888888888889 1.575536360758419
statement 0.001388888888888889 0.0
statements 0.001388888888888889 0.946927701336045
statistics 0.001388888888888889 0.0
stop 0.001388888888888889 2.9618307218783095
string 0.001388888888888889 1.0900285449767182
strings 0.001388888888888889 1.6625477377480486
swift 0.001388888888888889 1.8632184332102
system 0.001388888888888889 0.22099069795310872
table 0.002777777777777778 0.0
template 0.001388888888888889 0.7646061445420904
terminates 0.001388888888888889 2.9618307218783095
terms 0.002777777777777778 0.0
text 0.001388888888888889 0.0
than 0.002777777777777778 3.654977902438255
then 0.005555555555555556 1.7578579175523736
this 0.005555555555555556 0.0
timeline 0.001388888888888889 1.4954936530848826
title 0.001388888888888889 0.0
title=comtran 0.001388888888888889 4.7535901911063645
to 0.018055555555555554 1.0159205728229963
toggle 0.004166666666666667 0.0
tools 0.002777777777777778 0.0
top 0.004166666666666667 0.0
trademark 0.001388888888888889 0.0
translator 0.005555555555555556 2.268683541318364
unsourced 0.001388888888888889 1.3196029866212184
usdonate 0.001388888888888889 0.0
use 0.001388888888888889 0.0
using 0.001388888888888889 0.0
utc 0.001388888888888889 0.0
value 0.001388888888888889 0.946927701336045
verification 0.001388888888888889 1.6625477377480486
version 0.001388888888888889 0.0
view 0.001388888888888889 0.0
visual 0.002777777777777778 0.9923900754128022
vteprogramming 0.001388888888888889 2.114532861491106
w 0.001388888888888889 0.0
what 0.001388888888888889 0.0
when 0.002777777777777778 1.1700712526502546
wht 0.001388888888888889 4.7535901911063645
wikidataarticles 0.001388888888888889 1.2570826296398845
wikimedia 0.001388888888888889 0.0
wikipedia 0.006944444444444444 0.0
wikipediacontact 0.001388888888888889 0.0
wikipedia® 0.001388888888888889 0.0
withholding.tax.routine 0.001388888888888889 4.7535901911063645
write 0.001388888888888889 1.198242129616951
y2k 0.001388888888888889 3.367295829986474
zero 0.001388888888888889 1.7578579175523736
