+ 0.0034737299174989146 0.9923900754128022
0-321-19496-9 0.0004342162396873643 4.7535901911063645
0-321-22832-4 0.0004342162396873643 4.7535901911063645
05:03 0.0004342162396873643 4.7535901911063645
1 0.0013026487190620929 0.05310982531394833
1+ 0.00303951367781155 4.060443010546419
1.0 0.0008684324793747286 2.114532861491106
1.1 0.0008684324793747286 2.9618307218783095
1.2 0.0004342162396873643 2.8076800420510515
1.3 0.0008684324793747286 3.654977902438255
1.4 0.0008684324793747286 3.654977902438255
10 0.004776378636561007 0.5639354490799391
10.1 0.0004342162396873643 3.654977902438255
100 0.0004342162396873643 1.9810014688665833
1024 0.0004342162396873643 4.060443010546419
11 0.00303951367781155 0.7462570058738937
11.6 0.0008684324793747286 4.060443010546419
11_0+ 0.00303951367781155 4.7535901911063645
12 0.005210594876248371 0.7105389232718146
1201775.882362 0.0004342162396873643 4.7535901911063645
128 0.0017368649587494573 2.451005098112319
12bit 0.0004342162396873643 4.7535901911063645
13 0.0004342162396873643 0.861769892995738
14 0.0013026487190620929 0.8415671856782185
15 0.0013026487190620929 0.8217645583820389
16 0.0013026487190620929 0.9034425893963061
16bit 0.0004342162396873643 4.060443010546419
16×4096 0.0008684324793747286 4.7535901911063645
17 0.0008684324793747286 0.9923900754128022
18 0.0017368649587494573 1.1426722784621401
19 0.0008684324793747286 0.9249487946172696
1background 0.0004342162396873643 4.060443010546419
2 0.004776378636561007 0.08076135664445838
2+8 0.0004342162396873643 4.7535901911063645
2-sided 0.0004342162396873643 4.7535901911063645
2.0 0.0021710811984368217 1.7578579175523736
2.0.0012 0.0004342162396873643 4.7535901911063645
2.0a 0.0013026487190620929 4.7535901911063645
2.0b 0.0008684324793747286 4.7535901911063645
2.1 0.0004342162396873643 2.268683541318364
2.1data 0.0004342162396873643 4.7535901911063645
2.2operators 0.0004342162396873643 4.7535901911063645
2.3 0.0004342162396873643 3.1441522786722644
2.3functions 0.0004342162396873643 4.7535901911063645
2.4 0.0004342162396873643 3.654977902438255
2.4semantics 0.0004342162396873643 4.7535901911063645
2.5 0.0004342162396873643 2.9618307218783095
2.5preprocessor 0.0004342162396873643 4.7535901911063645
2.6 0.0004342162396873643 4.060443010546419
2.6hlsl 0.0004342162396873643 4.7535901911063645
2.7 0.0004342162396873643 3.654977902438255
20 0.0008684324793747286 0.8217645583820389
200 0.0008684324793747286 3.1441522786722644
2000 0.0004342162396873643 1.3523928094442093
2002 0.0004342162396873643 1.3862943611198906
2003 0.0008684324793747286 1.3196029866212184
2004 0.0004342162396873643 1.3196029866212184
2004-03-15 0.0004342162396873643 4.7535901911063645
2005 0.0004342162396873643 1.0900285449767182
2006 0.0004342162396873643 1.2878542883066382
2011 0.0008684324793747286 0.9249487946172696
2011-02-08 0.0008684324793747286 4.7535901911063645
2012 0.0013026487190620929 1.3196029866212184
2013 0.0004342162396873643 0.9034425893963061
2014. 0.0004342162396873643 4.060443010546419
2015 0.0004342162396873643 1.1160040313799788
2017 0.0004342162396873643 1.198242129616951
2020 0.0008684324793747286 1.1426722784621401
2022 0.0004342162396873643 0.47692407209030935
2022articles 0.0004342162396873643 2.6741486494265287
2023 0.0004342162396873643 0.7282385003712155
21 0.0013026487190620929 0.9694005571881035
22 0.0008684324793747286 1.1700712526502546
224 0.0004342162396873643 4.7535901911063645
23 0.0004342162396873643 1.0647107369924282
24 0.0026052974381241857 1.1700712526502546
24–25 0.0004342162396873643 4.060443010546419
25 0.0008684324793747286 0.9923900754128022
256 0.0026052974381241857 4.060443010546419
26 0.0004342162396873643 1.0647107369924282
27 0.0004342162396873643 1.1160040313799788
28 0.0004342162396873643 1.198242129616951
29 0.0004342162396873643 1.1700712526502546
2d 0.0008684324793747286 4.060443010546419
2language 0.0004342162396873643 2.9618307218783095
3 0.0026052974381241857 0.16862271243579272
3.0 0.0021710811984368217 0.0
3.1 0.0004342162396873643 2.5563656137701454
3.1compilation 0.0004342162396873643 4.7535901911063645
3.2the 0.0004342162396873643 4.7535901911063645
3.3the 0.0004342162396873643 4.7535901911063645
30 0.0004342162396873643 1.1700712526502546
300 0.0004342162396873643 2.8076800420510515
3000 0.0004342162396873643 3.654977902438255
32 0.005644811115935736 1.575536360758419
32bit 0.0008684324793747286 4.7535901911063645
3d 0.0026052974381241857 2.8076800420510515
3dfx 0.0008684324793747286 4.7535901911063645
3dlabs 0.0004342162396873643 4.7535901911063645
3dvia 0.0004342162396873643 4.7535901911063645
3environment 0.0004342162396873643 4.7535901911063645
4 0.005644811115935736 0.2992428948528569
4.0 0.0013026487190620929 2.6741486494265287
4.1 0.0013026487190620929 3.654977902438255
4.1derived 0.0004342162396873643 4.7535901911063645
40 0.0004342162396873643 1.8632184332102
400 0.0008684324793747286 3.1441522786722644
4096 0.0008684324793747286 4.060443010546419
4compilers 0.0004342162396873643 4.7535901911063645
5 0.0008684324793747286 0.3591410364339258
5.0 0.0017368649587494573 2.9618307218783095
5.1 0.0004342162396873643 4.7535901911063645
500 0.0004342162396873643 2.451005098112319
5000 0.0004342162396873643 4.7535901911063645
512 0.0026052974381241857 4.060443010546419
5applications 0.0004342162396873643 4.7535901911063645
5–8 0.0004342162396873643 4.7535901911063645
6 0.0034737299174989146 0.4097847692526808
6.0 0.0004342162396873643 2.6741486494265287
6.1 0.0004342162396873643 3.367295829986474
6.2 0.0004342162396873643 3.654977902438255
6.3 0.0008684324793747286 3.367295829986474
6.4 0.0004342162396873643 4.7535901911063645
6.5 0.0004342162396873643 4.060443010546419
600 0.0004342162396873643 3.367295829986474
64 0.0026052974381241857 1.9810014688665833
65536 0.0021710811984368217 4.7535901911063645
6see 0.0004342162396873643 2.8076800420510515
7 0.0013026487190620929 0.4361020775700542
700 0.0004342162396873643 3.367295829986474
7references 0.0004342162396873643 2.9618307218783095
8 0.006513243595310464 0.49091031406504926
8+4 0.0013026487190620929 4.7535901911063645
8.0a 0.0008684324793747286 4.7535901911063645
8.1 0.0004342162396873643 4.060443010546419
800m 0.0004342162396873643 4.7535901911063645
8500-9250 0.0004342162396873643 4.7535901911063645
8further 0.0004342162396873643 4.060443010546419
9 0.0017368649587494573 0.5488975717153985
9.0a 0.0004342162396873643 4.7535901911063645
9.0b 0.0004342162396873643 4.7535901911063645
9.0c 0.0004342162396873643 4.7535901911063645
900 0.0004342162396873643 4.060443010546419
9500-9800 0.0004342162396873643 4.7535901911063645
96 0.0004342162396873643 2.5563656137701454
9external 0.0004342162396873643 3.367295829986474
a 0.0013026487190620929 0.1584703409717747
ability 0.0008684324793747286 1.4954936530848826
able 0.0004342162396873643 1.9203768470501485
about 0.0004342162396873643 0.0
abs 0.0004342162396873643 3.1441522786722644
acceleration 0.0004342162396873643 3.1441522786722644
access 0.0004342162396873643 0.946927701336045
according 0.0008684324793747286 1.7090677533829417
account 0.0004342162396873643 0.0
accountlog 0.0004342162396873643 0.0
achieved 0.0004342162396873643 2.451005098112319
acquisitions 0.0004342162396873643 2.9618307218783095
across 0.0004342162396873643 0.0
act 0.0004342162396873643 2.6741486494265287
ada 0.0004342162396873643 1.421385680931161
added 0.0017368649587494573 1.0647107369924282
addison-wesley 0.0008684324793747286 2.5563656137701454
addition 0.0004342162396873643 1.1700712526502546
additional 0.0008684324793747286 0.0
adobe 0.0004342162396873643 2.6741486494265287
advances 0.0004342162396873643 3.654977902438255
ageia 0.0004342162396873643 4.7535901911063645
agree 0.0004342162396873643 0.0
akeley 0.0004342162396873643 4.7535901911063645
alben 0.0004342162396873643 4.7535901911063645
all 0.0004342162396873643 1.2272296664902032
allowing 0.0004342162396873643 1.3862943611198906
allows 0.0004342162396873643 0.8415671856782185
also 0.0039079461571862786 0.18924199963852834
although 0.0008684324793747286 1.1426722784621401
among 0.0004342162396873643 1.575536360758419
ampere 0.0004342162396873643 4.7535901911063645
anand 0.0008684324793747286 4.7535901911063645
android 0.0004342162396873643 2.0455399900041544
annotation 0.0004342162396873643 3.1441522786722644
another 0.0004342162396873643 0.9694005571881035
api 0.0008684324793747286 1.7578579175523736
apis 0.0004342162396873643 2.268683541318364
application 0.0004342162396873643 0.8217645583820389
applications 0.0004342162396873643 0.7832982775542428
applied 0.0004342162396873643 1.8091512119399242
apply 0.0004342162396873643 0.0
apps 0.0004342162396873643 2.3556949183079943
aras 0.0004342162396873643 4.7535901911063645
arbitrary 0.0004342162396873643 1.8091512119399242
archived 0.0004342162396873643 0.6104554647148319
areas 0.0004342162396873643 2.451005098112319
arithmetic 0.0013026487190620929 1.8091512119399242
array 0.0004342162396873643 1.2570826296398845
arrives 0.0004342162396873643 4.060443010546419
article 0.0004342162396873643 0.0
articleabout 0.0004342162396873643 0.0
articles 0.0004342162396873643 0.1584703409717747
articletalk 0.0004342162396873643 0.0
as 0.0008684324793747286 0.8023464725249373
ashu 0.0004342162396873643 4.7535901911063645
assembly 0.00303951367781155 1.2272296664902032
ati 0.0004342162396873643 4.7535901911063645
attribution-sharealike 0.0004342162396873643 0.0
august 0.0008684324793747286 0.9249487946172696
automatically 0.0004342162396873643 1.4954936530848826
available 0.0021710811984368217 0.0
avoid 0.0004342162396873643 2.0455399900041544
b 0.0039079461571862786 0.5792029212107276
background 0.0008684324793747286 2.3556949183079943
bare 0.0017368649587494573 2.9618307218783095
based 0.0026052974381241857 0.626455806061273
basic 0.0013026487190620929 0.7646061445420904
battlefield 0.0004342162396873643 4.7535901911063645
become 0.0004342162396873643 2.0455399900041544
beginning 0.0004342162396873643 1.7578579175523736
benefits 0.0004342162396873643 2.451005098112319
beside 0.0004342162396873643 4.060443010546419
best 0.0004342162396873643 2.114532861491106
bfg 0.0004342162396873643 4.7535901911063645
bill 0.0004342162396873643 2.9618307218783095
bit 0.0004342162396873643 1.7578579175523736
bitwise 0.0008684324793747286 3.367295829986474
bloated 0.0004342162396873643 4.7535901911063645
blood 0.0004342162396873643 4.060443010546419
blythe 0.0004342162396873643 4.7535901911063645
bool 0.0004342162396873643 2.9618307218783095
boolean 0.0004342162396873643 1.575536360758419
both 0.0004342162396873643 1.8632184332102
branches 0.0004342162396873643 2.8076800420510515
built 0.0004342162396873643 1.2570826296398845
by 0.0008684324793747286 0.0
byc 0.0004342162396873643 3.1441522786722644
bytecode 0.0013026487190620929 2.268683541318364
c 0.0060790273556231 0.38414233863934316
c-like 0.0004342162396873643 2.3556949183079943
cafu 0.0004342162396873643 4.7535901911063645
capabilities 0.0004342162396873643 1.9203768470501485
card 0.0004342162396873643 2.3556949183079943
cards 0.0004342162396873643 2.451005098112319
categories 0.0008684324793747286 0.026202372394024117
celsius 0.0004342162396873643 4.7535901911063645
cg 0.023881893182805036 4.7535901911063645
cg-2.0_jan2008_releasenotes.pdf 0.0004342162396873643 4.7535901911063645
cg-toolkitdialectscg 0.0004342162396873643 4.7535901911063645
cg_2.0 0.0004342162396873643 4.7535901911063645
cgc 0.0008684324793747286 4.7535901911063645
cgc-opensrc 0.0004342162396873643 4.7535901911063645
changesupload 0.0008684324793747286 0.0
chapter 0.0004342162396873643 2.6741486494265287
chipsets 0.0004342162396873643 4.7535901911063645
chris 0.0008684324793747286 2.5563656137701454
citations 0.0004342162396873643 1.2272296664902032
citationsarticles 0.0008684324793747286 2.451005098112319
clang 0.0004342162396873643 2.9618307218783095
closed-source 0.0004342162396873643 3.654977902438255
closest 0.0004342162396873643 4.7535901911063645
code 0.004342162396873643 0.3468709438421115
color 0.0004342162396873643 2.451005098112319
common 0.0017368649587494573 0.9034425893963061
commons 0.0004342162396873643 0.0
communicate 0.0004342162396873643 2.451005098112319
companykey 0.0004342162396873643 4.7535901911063645
comparison 0.0008684324793747286 0.8415671856782185
compilation 0.0004342162396873643 1.7578579175523736
compile 0.0013026487190620929 1.6625477377480486
compiled 0.0008684324793747286 1.1160040313799788
compiler 0.004342162396873643 0.626455806061273
compilers 0.0017368649587494573 1.4577533251020356
complete 0.0004342162396873643 1.4954936530848826
complex 0.0013026487190620929 1.2272296664902032
components 0.0004342162396873643 1.4577533251020356
compute 0.0004342162396873643 2.1886408336448278
computer 0.0017368649587494573 0.371563556432483
concept 0.0004342162396873643 1.8632184332102
console 0.0004342162396873643 2.1886408336448278
constant 0.0008684324793747286 2.0455399900041544
contact 0.0004342162396873643 0.0
containing 0.0004342162396873643 1.4577533251020356
content 0.0004342162396873643 0.0
contents 0.0013026487190620929 0.0
contribute 0.0004342162396873643 0.0
contributionstalk 0.0004342162396873643 0.0
control 0.0034737299174989146 0.49091031406504926
converters 0.0004342162396873643 4.060443010546419
cookie 0.0004342162396873643 0.0
core 0.0004342162396873643 1.3196029866212184
cores 0.0004342162396873643 4.060443010546419
corporation 0.0004342162396873643 1.421385680931161
correct 0.0004342162396873643 2.0455399900041544
count 0.0004342162396873643 2.5563656137701454
course 0.0004342162396873643 1.9810014688665833
cpus 0.0004342162396873643 2.6741486494265287
craig 0.0004342162396873643 3.1441522786722644
create 0.0008684324793747286 0.0
created 0.0004342162396873643 0.4361020775700542
creating 0.0004342162396873643 1.4577533251020356
creative 0.0004342162396873643 0.0
cropped 0.0004342162396873643 4.7535901911063645
cross 0.0004342162396873643 2.9618307218783095
cross-platform 0.0004342162396873643 2.5563656137701454
cry 0.0004342162396873643 4.060443010546419
crystal 0.0004342162396873643 3.654977902438255
cuda 0.0004342162396873643 3.654977902438255
cumulus 0.0004342162396873643 4.7535901911063645
curie 0.0004342162396873643 4.7535901911063645
current 0.0004342162396873643 1.3523928094442093
currently 0.0004342162396873643 1.7578579175523736
curtis 0.0004342162396873643 3.367295829986474
dally 0.0004342162396873643 4.7535901911063645
data 0.0034737299174989146 0.4228568508200336
david 0.0008684324793747286 1.1700712526502546
dealing 0.0004342162396873643 4.060443010546419
debora 0.0004342162396873643 4.7535901911063645
decide 0.0004342162396873643 3.367295829986474
decode 0.0004342162396873643 3.654977902438255
decoding 0.0008684324793747286 4.060443010546419
defining 0.0004342162396873643 2.1886408336448278
definitive 0.0004342162396873643 3.367295829986474
denver 0.0004342162396873643 4.7535901911063645
dependent 0.0004342162396873643 2.3556949183079943
depends 0.0004342162396873643 2.6741486494265287
deprecated 0.0008684324793747286 2.451005098112319
depth 0.0004342162396873643 3.654977902438255
derek 0.0004342162396873643 4.7535901911063645
derived 0.0004342162396873643 1.7578579175523736
description 0.0004342162396873643 0.3468709438421115
descriptionshort 0.0004342162396873643 0.4631307499579735
design 0.0004342162396873643 0.8023464725249373
designworks 0.0004342162396873643 4.7535901911063645
developed 0.0008684324793747286 0.5488975717153985
developer 0.0013026487190620929 1.4954936530848826
developer.download.nvidia.cn 0.0004342162396873643 4.7535901911063645
developer.download.nvidia.com 0.0004342162396873643 4.7535901911063645
developers 0.0008684324793747286 0.0
development 0.0008684324793747286 0.44952509790219486
dgx 0.0004342162396873643 4.7535901911063645
dialect 0.0004342162396873643 2.3556949183079943
dialects 0.0013026487190620929 2.114532861491106
differences 0.0008684324793747286 1.9203768470501485
different 0.0017368649587494573 0.39688136441677296
direct3d 0.0008684324793747286 4.7535901911063645
directives 0.0004342162396873643 2.6741486494265287
directx 0.012592270950933565 3.654977902438255
directxshadercompiler 0.0008684324793747286 4.7535901911063645
disclaimers 0.0004342162396873643 0.0
distortion 0.0004342162396873643 4.7535901911063645
docs.microsoft.com 0.0004342162396873643 3.654977902438255
documentation 0.0013026487190620929 1.4954936530848826
doi:10.1145 0.0004342162396873643 1.421385680931161
dolphinity 0.0004342162396873643 4.7535901911063645
domain 0.0004342162396873643 1.6625477377480486
doom 0.0004342162396873643 4.060443010546419
download 0.0004342162396873643 0.0
drawback 0.0004342162396873643 4.7535901911063645
drive 0.0004342162396873643 2.9618307218783095
due 0.0004342162396873643 1.8091512119399242
dx 0.0004342162396873643 4.060443010546419
dxbc 0.0004342162396873643 4.7535901911063645
dxc 0.0017368649587494573 4.060443010546419
dxil 0.0004342162396873643 4.7535901911063645
dynamic 0.0013026487190620929 1.0900285449767182
e 0.0008684324793747286 1.6625477377480486
e.g 0.0004342162396873643 1.575536360758419
each 0.0004342162396873643 1.6625477377480486
earth 0.0004342162396873643 3.367295829986474
easier 0.0008684324793747286 2.114532861491106
edit 0.008684324793747287 0.0
editcommunity 0.0004342162396873643 0.0
edited 0.0004342162396873643 0.0
edition 0.0008684324793747286 1.6625477377480486
editors 0.0004342162396873643 0.0
effect 0.0004342162396873643 2.114532861491106
effects 0.0004342162396873643 2.451005098112319
else 0.0004342162396873643 1.4577533251020356
embedded 0.0004342162396873643 1.4577533251020356
emit 0.0004342162396873643 4.060443010546419
emulators 0.0004342162396873643 3.654977902438255
en.wikipedia.org 0.0004342162396873643 0.0
enable 0.0004342162396873643 2.5563656137701454
encoding 0.0004342162396873643 2.8076800420510515
encyclopedia 0.0004342162396873643 0.0
end 0.0008684324793747286 0.9034425893963061
enemy 0.0004342162396873643 4.7535901911063645
engine 0.0021710811984368217 1.3862943611198906
english 0.0004342162396873643 0.0
enlarges 0.0004342162396873643 4.7535901911063645
entire 0.0004342162396873643 1.7090677533829417
environment 0.0008684324793747286 0.8023464725249373
eon 0.0008684324793747286 4.7535901911063645
equivalent 0.0004342162396873643 1.6625477377480486
equivalents 0.0008684324793747286 3.367295829986474
error 0.0004342162396873643 1.618095975177215
especially 0.0004342162396873643 1.8091512119399242
essential 0.0004342162396873643 2.9618307218783095
essl 0.0004342162396873643 4.7535901911063645
europe 0.0004342162396873643 3.1441522786722644
even 0.0004342162396873643 1.3523928094442093
eventsrandom 0.0004342162396873643 0.0
ever 0.0004342162396873643 2.8076800420510515
executed 0.0013026487190620929 1.4577533251020356
executing 0.0008684324793747286 2.3556949183079943
execution 0.0004342162396873643 0.9694005571881035
exist 0.0004342162396873643 1.9203768470501485
exluna 0.0004342162396873643 4.7535901911063645
expansion 0.0004342162396873643 2.9618307218783095
export 0.0004342162396873643 0.0
exposing 0.0004342162396873643 3.654977902438255
external 0.0004342162396873643 0.17887921260298179
eyeon 0.0004342162396873643 4.7535901911063645
f 0.0004342162396873643 1.3523928094442093
face 0.0004342162396873643 3.654977902438255
fahrenheit 0.0004342162396873643 4.7535901911063645
fairly 0.0004342162396873643 3.1441522786722644
familynvidia 0.0004342162396873643 4.7535901911063645
faq 0.0013026487190620929 2.114532861491106
far 0.0004342162396873643 1.9203768470501485
favor 0.0004342162396873643 2.268683541318364
features 0.0034737299174989146 0.4228568508200336
february 0.0004342162396873643 0.626455806061273
fermi 0.0004342162396873643 4.7535901911063645
fermi+ 0.0004342162396873643 4.7535901911063645
fernando 0.0008684324793747286 4.7535901911063645
fetch 0.0004342162396873643 4.7535901911063645
file 0.0004342162396873643 0.0
filespecial 0.0004342162396873643 0.0
filters 0.0004342162396873643 3.1441522786722644
finally 0.0004342162396873643 1.8632184332102
fixed 0.0013026487190620929 2.0455399900041544
flexibility 0.0004342162396873643 2.8076800420510515
float 0.0004342162396873643 2.8076800420510515
float3 0.0004342162396873643 4.7535901911063645
float4x4 0.0004342162396873643 4.7535901911063645
floating 0.0008684324793747286 2.3556949183079943
flow 0.0017368649587494573 1.421385680931161
for 0.0004342162396873643 0.5639354490799391
forces 0.0004342162396873643 3.654977902438255
foreground 0.0004342162396873643 3.367295829986474
form 0.0008684324793747286 0.8023464725249373
format 0.0008684324793747286 1.4577533251020356
found 0.0004342162396873643 1.4577533251020356
foundation 0.0004342162396873643 0.0
frame 0.0004342162396873643 2.8076800420510515
framebuffer 0.0004342162396873643 4.7535901911063645
free 0.0004342162396873643 0.0
from 0.0004342162396873643 0.0
front 0.0008684324793747286 2.1886408336448278
frontend 0.0004342162396873643 4.060443010546419
functions 0.00303951367781155 0.7105389232718146
further 0.0004342162396873643 1.2272296664902032
fusion 0.0008684324793747286 3.367295829986474
fx 0.0021710811984368217 3.367295829986474
fxc 0.0013026487190620929 4.7535901911063645
g-sync 0.0004342162396873643 4.7535901911063645
game 0.0004342162396873643 1.9203768470501485
games 0.0013026487190620929 1.8632184332102
gameworks 0.0004342162396873643 4.7535901911063645
garshasp 0.0004342162396873643 4.7535901911063645
gathered 0.0004342162396873643 4.060443010546419
gave 0.0004342162396873643 2.5563656137701454
gcn 0.00303951367781155 4.7535901911063645
gdc 0.0004342162396873643 4.7535901911063645
geforce 0.006513243595310464 4.7535901911063645
gelato 0.0004342162396873643 4.7535901911063645
gems 0.0004342162396873643 3.654977902438255
generate 0.0004342162396873643 1.421385680931161
generation 0.0008684324793747286 1.7090677533829417
generator 0.0004342162396873643 2.0455399900041544
geometry 0.0008684324793747286 3.367295829986474
github 0.0008684324793747286 1.4954936530848826
given 0.0004342162396873643 1.421385680931161
glanville 0.0004342162396873643 4.7535901911063645
glscene 0.0004342162396873643 4.7535901911063645
glsl 0.0008684324793747286 4.7535901911063645
glsl-to-spir_v 0.0004342162396873643 4.7535901911063645
glslang 0.0008684324793747286 4.7535901911063645
go 0.0004342162396873643 0.0
goforce 0.0004342162396873643 4.7535901911063645
gpgpu 0.0008684324793747286 3.654977902438255
gpu 0.00303951367781155 3.654977902438255
gpus 0.0013026487190620929 4.060443010546419
gradient 0.0004342162396873643 4.7535901911063645
gradually 0.0004342162396873643 3.654977902438255
graphics 0.006513243595310464 2.114532861491106
group 0.0017368649587494573 0.946927701336045
guide 0.0004342162396873643 1.1700712526502546
gun 0.0004342162396873643 4.7535901911063645
half 0.0004342162396873643 2.268683541318364
half-life 0.0004342162396873643 4.7535901911063645
handle 0.0004342162396873643 2.0455399900041544
hard 0.0008684324793747286 2.3556949183079943
hardware 0.0034737299174989146 1.421385680931161
hd 0.0013026487190620929 3.654977902438255
helplearn 0.0004342162396873643 0.0
hererelated 0.0004342162396873643 0.0
hide 0.0004342162396873643 0.0
high 0.0013026487190620929 1.421385680931161
high-level 0.0008684324793747286 1.618095975177215
higher 0.0004342162396873643 1.8632184332102
history 0.0008684324793747286 0.0
hit 0.0004342162396873643 3.654977902438255
hitman 0.0004342162396873643 4.7535901911063645
hlsl 0.010855405992184108 4.7535901911063645
hlsl2glsl 0.0004342162396873643 4.7535901911063645
hlsla 0.0004342162396873643 4.7535901911063645
ho 0.0004342162396873643 4.060443010546419
hopper 0.0004342162396873643 2.9618307218783095
hosts 0.0004342162396873643 3.654977902438255
however 0.0004342162396873643 1.0400181244020568
https 0.0008684324793747286 0.0
huang 0.0004342162396873643 3.654977902438255
hull 0.0004342162396873643 4.7535901911063645
icera 0.0004342162396873643 4.7535901911063645
images 0.0004342162396873643 2.5563656137701454
implements 0.0008684324793747286 1.8091512119399242
in 0.0008684324793747286 0.371563556432483
inc. 0.0004342162396873643 0.0
include 0.0004342162396873643 0.9249487946172696
included 0.0004342162396873643 1.1160040313799788
including 0.0008684324793747286 0.7282385003712155
index 0.0004342162396873643 1.6625477377480486
index.php 0.0004342162396873643 0.0
indirections 0.0004342162396873643 4.7535901911063645
industries 0.0004342162396873643 3.1441522786722644
informationcite 0.0004342162396873643 0.0
injected 0.0004342162396873643 4.7535901911063645
input 0.0004342162396873643 1.0159205728229963
instance 0.0004342162396873643 1.421385680931161
instancing 0.0004342162396873643 4.7535901911063645
instruction 0.0021710811984368217 2.0455399900041544
instructions 0.00303951367781155 1.7090677533829417
int 0.0004342162396873643 1.7578579175523736
integer 0.0004342162396873643 1.4577533251020356
integers 0.0008684324793747286 1.8632184332102
intensity 0.0004342162396873643 4.7535901911063645
interactive 0.0004342162396873643 1.3196029866212184
interface 0.0004342162396873643 0.946927701336045
interfaceshidden 0.0004342162396873643 4.7535901911063645
interpolated 0.0004342162396873643 3.654977902438255
intersection 0.0004342162396873643 3.654977902438255
introduced 0.0017368649587494573 1.198242129616951
introduces 0.0008684324793747286 2.6741486494265287
introduction 0.0004342162396873643 1.4954936530848826
irrlicht 0.0004342162396873643 4.7535901911063645
isbn 0.0008684324793747286 0.6760527472006452
it 0.0013026487190620929 0.17887921260298179
item 0.0004342162396873643 0.0
j. 0.0013026487190620929 1.7090677533829417
jayaraman 0.0004342162396873643 4.7535901911063645
jen-hsun 0.0004342162396873643 4.7535901911063645
jetson 0.0004342162396873643 4.7535901911063645
jonah 0.0004342162396873643 4.7535901911063645
jump 0.0004342162396873643 0.0
kelvin 0.0004342162396873643 4.7535901911063645
kepler 0.0004342162396873643 3.367295829986474
kepler+ 0.0026052974381241857 4.7535901911063645
khronos 0.0008684324793747286 4.7535901911063645
khronos-reference 0.0004342162396873643 4.7535901911063645
kilgard 0.0013026487190620929 4.7535901911063645
kind 0.0004342162396873643 2.1886408336448278
kirk 0.0004342162396873643 4.7535901911063645
kurt 0.0004342162396873643 3.654977902438255
lal 0.0008684324793747286 4.7535901911063645
language 0.010855405992184108 0.0
languagedevelopernvidia 0.0004342162396873643 4.7535901911063645
languageinfluenced 0.0004342162396873643 4.7535901911063645
languageinfluencedglsl 0.0004342162396873643 4.7535901911063645
languages 0.0017368649587494573 0.0
languagesdirectxmicrosoft 0.0004342162396873643 4.7535901911063645
last 0.0004342162396873643 0.0
latest 0.0004342162396873643 1.9203768470501485
latter 0.0004342162396873643 2.0455399900041544
league 0.0004342162396873643 4.7535901911063645
learn 0.0008684324793747286 0.0
legends 0.0004342162396873643 4.7535901911063645
level 0.0026052974381241857 1.3862943611198906
library 0.0017368649587494573 0.6760527472006452
license 0.0004342162396873643 0.0
lightfeather 0.0004342162396873643 4.7535901911063645
lighting 0.0004342162396873643 4.7535901911063645
lightwave 0.0008684324793747286 4.7535901911063645
like 0.0021710811984368217 0.5340824859302579
limit 0.0008684324793747286 2.6741486494265287
limiting 0.0004342162396873643 4.060443010546419
link 0.0004342162396873643 1.3862943611198906
linkpage 0.0004342162396873643 0.0
links 0.0021710811984368217 0.0
list 0.0004342162396873643 0.5639354490799391
llvm 0.0004342162396873643 2.451005098112319
llvm-based 0.0008684324793747286 4.060443010546419
loaded 0.0004342162396873643 2.451005098112319
log 0.0004342162396873643 0.0
logged 0.0004342162396873643 0.0
logical 0.0004342162396873643 1.9203768470501485
longer 0.0004342162396873643 1.9203768470501485
loop 0.0004342162396873643 1.3862943611198906
lovelace 0.0004342162396873643 4.060443010546419
low 0.0004342162396873643 2.5563656137701454
lower 0.0004342162396873643 2.3556949183079943
m. 0.0004342162396873643 1.6625477377480486
macro 0.0004342162396873643 2.1886408336448278
main 0.0008684324793747286 0.0
maintain 0.0008684324793747286 2.3556949183079943
major 0.0004342162396873643 1.1160040313799788
make 0.0008684324793747286 1.2570826296398845
malachowsky 0.0004342162396873643 4.7535901911063645
manual 0.0004342162396873643 1.1700712526502546
many 0.0017368649587494573 0.659245628884264
mapping 0.0004342162396873643 2.5563656137701454
march 0.0017368649587494573 0.6760527472006452
mark 0.0017368649587494573 1.7090677533829417
matches 0.0004342162396873643 1.2570826296398845
materials 0.0008684324793747286 2.8076800420510515
mathematical 0.0004342162396873643 1.7578579175523736
matrix 0.0008684324793747286 2.451005098112319
matrox 0.0004342162396873643 4.7535901911063645
matt 0.0004342162396873643 2.8076800420510515
max 0.0004342162396873643 2.5563656137701454
maxwell 0.0004342162396873643 4.7535901911063645
may 0.0008684324793747286 0.0
maya 0.0008684324793747286 4.7535901911063645
means 0.0008684324793747286 1.534714366238164
mediaq 0.0004342162396873643 4.7535901911063645
melayu日本語polskiportuguêsрусскийsvenskatürkçe粵語中文 0.0004342162396873643 4.7535901911063645
mellanox 0.0004342162396873643 4.7535901911063645
memory 0.0004342162396873643 1.0159205728229963
mental 0.0004342162396873643 4.7535901911063645
merely 0.0004342162396873643 3.367295829986474
metal 0.0004342162396873643 3.654977902438255
microarchitectures 0.0004342162396873643 4.7535901911063645
microsoft 0.0034737299174989146 1.1160040313799788
microsoft.com 0.0004342162396873643 3.654977902438255
microsoftwebsitedeveloper.nvidia.com 0.0004342162396873643 4.7535901911063645
might 0.0008684324793747286 1.7578579175523736
minimal 0.0004342162396873643 2.1886408336448278
mirror 0.0004342162396873643 4.060443010546419
miss 0.0004342162396873643 4.060443010546419
mobile 0.0004342162396873643 0.0
mod 0.0004342162396873643 2.6741486494265287
model 0.00998697351280938 1.0647107369924282
models 0.0004342162396873643 1.8091512119399242
modified 0.0004342162396873643 2.451005098112319
modify 0.0004342162396873643 2.5563656137701454
module 0.0008684324793747286 1.534714366238164
money 0.0004342162396873643 4.060443010546419
monster 0.0004342162396873643 4.060443010546419
more 0.0004342162396873643 0.0
move 0.0004342162396873643 0.0
msdn.microsoft.com 0.0026052974381241857 4.7535901911063645
multi-gpu 0.0004342162396873643 4.7535901911063645
multi-monitor 0.0004342162396873643 4.7535901911063645
muvee 0.0004342162396873643 4.7535901911063645
mxm 0.0004342162396873643 4.7535901911063645
mxvertex 0.0004342162396873643 4.7535901911063645
names 0.0004342162396873643 1.534714366238164
namespace 0.0004342162396873643 2.6741486494265287
native 0.0008684324793747286 1.3523928094442093
navigation 0.0004342162396873643 0.0
need 0.0004342162396873643 1.3862943611198906
needed 0.0004342162396873643 1.1426722784621401
nehe 0.0004342162396873643 4.7535901911063645
networks 0.0004342162396873643 3.1441522786722644
new 0.0008684324793747286 0.5947071077466928
newer 0.0008684324793747286 2.3556949183079943
nforce 0.0004342162396873643 4.7535901911063645
nintendo 0.0004342162396873643 4.060443010546419
no 0.029526704298740773 1.3862943611198906
non-profit 0.0004342162396873643 0.0
notes 0.0004342162396873643 1.3196029866212184
now 0.0004342162396873643 2.268683541318364
numa 0.0004342162396873643 3.654977902438255
number 0.0021710811984368217 0.8823891801984737
nv1 0.0004342162396873643 4.7535901911063645
nv2 0.0004342162396873643 4.7535901911063645
nv2a 0.0004342162396873643 4.7535901911063645
nv30 0.0008684324793747286 4.7535901911063645
nvdec 0.0004342162396873643 4.7535901911063645
nvenc 0.0004342162396873643 4.7535901911063645
nvidia 0.009552757273122015 4.060443010546419
nvidia-hosted 0.0004342162396873643 4.7535901911063645
nvlink 0.0004342162396873643 4.7535901911063645
nx-soc 0.0004342162396873643 4.7535901911063645
object 0.0004342162396873643 0.7646061445420904
october 0.0008684324793747286 0.7832982775542428
offline 0.0004342162396873643 4.7535901911063645
often 0.0004342162396873643 1.4954936530848826
ogre 0.0004342162396873643 4.7535901911063645
older 0.0004342162396873643 2.5563656137701454
oldid=1142222889 0.0004342162396873643 4.7535901911063645
on 0.0004342162396873643 0.0
one 0.0008684324793747286 0.44952509790219486
open 0.0004342162396873643 1.0900285449767182
open-source 0.0004342162396873643 1.1426722784621401
openemu 0.0004342162396873643 4.7535901911063645
opengl 0.0021710811984368217 3.654977902438255
operators 0.00303951367781155 1.2570826296398845
optimizations 0.0008684324793747286 2.6741486494265287
optimize 0.0004342162396873643 2.8076800420510515
optimized 0.0004342162396873643 2.8076800420510515
optimus 0.0004342162396873643 4.060443010546419
optix 0.0004342162396873643 4.7535901911063645
organization 0.0004342162396873643 0.0
original 0.0008684324793747286 0.39688136441677296
originally 0.0004342162396873643 0.9923900754128022
other 0.0004342162396873643 1.1160040313799788
others 0.0013026487190620929 1.4954936530848826
outputs 0.0008684324793747286 3.1441522786722644
overcome 0.0004342162396873643 3.654977902438255
overview 0.0004342162396873643 1.575536360758419
page 0.0008684324793747286 0.0
pagecontentscurrent 0.0004342162396873643 0.0
pages 0.0008684324793747286 0.0
pagespermanent 0.0004342162396873643 0.0
pagewikidata 0.0004342162396873643 0.0
panda3d 0.0004342162396873643 4.7535901911063645
paper 0.0004342162396873643 1.8632184332102
parameters 0.0004342162396873643 1.2878542883066382
parhelia 0.0004342162396873643 4.7535901911063645
partial 0.0008684324793747286 2.5563656137701454
pascal 0.0004342162396873643 1.1426722784621401
passing 0.0004342162396873643 1.8632184332102
pcsx2 0.0004342162396873643 4.7535901911063645
pcx-optimized 0.0004342162396873643 4.7535901911063645
pdf 0.0008684324793747286 0.659245628884264
pdfprintable 0.0004342162396873643 0.0
peeper 0.0004342162396873643 4.7535901911063645
people 0.0004342162396873643 1.3862943611198906
performed 0.0004342162396873643 1.8632184332102
personal 0.0004342162396873643 0.0
photoshop 0.0004342162396873643 4.060443010546419
physically 0.0004342162396873643 3.367295829986474
physics 0.0004342162396873643 3.367295829986474
physx 0.0004342162396873643 4.7535901911063645
picture 0.0004342162396873643 2.9618307218783095
pipelinepre-geforce 0.0004342162396873643 4.7535901911063645
pipelines 0.0004342162396873643 4.060443010546419
pixel 0.005644811115935736 2.8076800420510515
plain 0.0004342162396873643 2.9618307218783095
platform 0.0008684324793747286 1.0647107369924282
platforms 0.0017368649587494573 1.3196029866212184
platinum 0.0004342162396873643 3.654977902438255
playstation 0.0021710811984368217 3.654977902438255
plex 0.0004342162396873643 3.1441522786722644
plug-in 0.0004342162396873643 3.654977902438255
point 0.0013026487190620929 1.1426722784621401
policy 0.0008684324793747286 0.0
portable 0.0013026487190620929 1.7090677533829417
portalplayer 0.0004342162396873643 4.7535901911063645
portalrecent 0.0004342162396873643 0.0
porting 0.0004342162396873643 3.367295829986474
position 0.0004342162396873643 2.3556949183079943
post-processing 0.0004342162396873643 3.654977902438255
powerful 0.0004342162396873643 1.8632184332102
pp 0.0004342162396873643 1.9810014688665833
ppt 0.0004342162396873643 4.7535901911063645
pranckevičius 0.0004342162396873643 4.7535901911063645
predication 0.0008684324793747286 4.7535901911063645
preprocessor 0.0008684324793747286 2.6741486494265287
present 0.0004342162396873643 1.7090677533829417
previously 0.0004342162396873643 1.8632184332102
priem 0.0004342162396873643 4.7535901911063645
print 0.0004342162396873643 0.0
privacy 0.0008684324793747286 0.0
pro 0.0004342162396873643 2.5563656137701454
problems 0.0004342162396873643 1.7578579175523736
proceedings 0.0004342162396873643 1.2878542883066382
process 0.0008684324793747286 1.0400181244020568
processing 0.0013026487190620929 0.946927701336045
productsgraphics 0.0004342162396873643 4.7535901911063645
professional 0.0008684324793747286 2.8076800420510515
professional™ 0.0004342162396873643 4.7535901911063645
profile 0.0026052974381241857 3.1441522786722644
profiles 0.0034737299174989146 4.7535901911063645
program 0.0034737299174989146 0.4631307499579735
programmable 0.0004342162396873643 3.367295829986474
programmed 0.0004342162396873643 2.268683541318364
programmer 0.0004342162396873643 1.3523928094442093
programming 0.006947459834997829 0.0
programming_language 0.0004342162396873643 1.1160040313799788
programs 0.0013026487190620929 0.6427163269330534
project 0.0004342162396873643 0.8217645583820389
prone 0.0004342162396873643 4.060443010546419
protocol 0.0004342162396873643 2.451005098112319
ps 0.0021710811984368217 3.367295829986474
ps4 0.0004342162396873643 4.7535901911063645
ps_4_1 0.0004342162396873643 4.7535901911063645
ps_5_0 0.0004342162396873643 4.7535901911063645
purely 0.0004342162396873643 2.268683541318364
purevideo 0.0004342162396873643 4.7535901911063645
quadro 0.0008684324793747286 4.7535901911063645
quake 0.0004342162396873643 4.060443010546419
quality 0.0004342162396873643 2.268683541318364
quite 0.0008684324793747286 2.451005098112319
r. 0.0008684324793747286 1.3196029866212184
r.u.s.e 0.0004342162396873643 4.7535901911063645
r420 0.0004342162396873643 4.7535901911063645
racer 0.0004342162396873643 4.7535901911063645
radeon 0.0034737299174989146 4.7535901911063645
rampage 0.0004342162396873643 4.7535901911063645
randima 0.0008684324793747286 4.7535901911063645
ranga 0.0004342162396873643 4.7535901911063645
range 0.0008684324793747286 1.7090677533829417
rankine 0.0004342162396873643 4.7535901911063645
rate 0.0004342162396873643 2.8076800420510515
ray 0.0021710811984368217 3.367295829986474
read 0.0004342162396873643 1.4954936530848826
readeditview 0.0008684324793747286 0.0
reading 0.0008684324793747286 1.1426722784621401
real-time 0.0008684324793747286 2.451005098112319
reality 0.0008684324793747286 3.1441522786722644
rectangular 0.0004342162396873643 4.7535901911063645
reference 0.0004342162396873643 0.946927701336045
references 0.0004342162396873643 0.026202372394024117
reflection 0.0004342162396873643 2.5563656137701454
refresh 0.0004342162396873643 4.060443010546419
rege 0.0004342162396873643 4.7535901911063645
register 0.0013026487190620929 2.1886408336448278
registered 0.0004342162396873643 0.0
registers 0.004342162396873643 2.5563656137701454
released 0.0004342162396873643 1.0159205728229963
renderer 0.0004342162396873643 4.7535901911063645
rendering 0.0008684324793747286 2.8076800420510515
renderman 0.0004342162396873643 4.7535901911063645
repo 0.0004342162396873643 4.060443010546419
represents 0.0004342162396873643 2.268683541318364
requires 0.0004342162396873643 1.575536360758419
reshade 0.0004342162396873643 4.7535901911063645
reshadefx 0.0008684324793747286 4.7535901911063645
resources 0.0004342162396873643 1.9203768470501485
rest 0.0004342162396873643 2.268683541318364
resulting 0.0004342162396873643 1.8091512119399242
retrieved 0.0008684324793747286 0.0
retroarch 0.0004342162396873643 4.7535901911063645
reveal 0.0004342162396873643 4.7535901911063645
richard 0.0004342162396873643 1.575536360758419
riva 0.0008684324793747286 4.7535901911063645
rotated 0.0004342162396873643 4.7535901911063645
rsx 0.0004342162396873643 4.7535901911063645
rtx 0.0004342162396873643 4.7535901911063645
runtime 0.0017368649587494573 1.2272296664902032
sacrificing 0.0004342162396873643 4.060443010546419
sampler 0.0004342162396873643 4.7535901911063645
samplers 0.0004342162396873643 4.7535901911063645
scalable 0.0004342162396873643 3.654977902438255
scene 0.0004342162396873643 3.654977902438255
scene.familyshading 0.0004342162396873643 4.7535901911063645
sdk 0.0004342162396873643 2.9618307218783095
search 0.0004342162396873643 0.0
see 0.0004342162396873643 0.4361020775700542
semantics 0.0004342162396873643 1.4577533251020356
set 0.0013026487190620929 0.6931471805599453
setting 0.0004342162396873643 2.5563656137701454
several 0.0004342162396873643 0.7282385003712155
shader 0.02040816326530612 4.7535901911063645
shaders 0.012592270950933565 4.7535901911063645
shading 0.004342162396873643 4.7535901911063645
share 0.0004342162396873643 1.9810014688665833
shares 0.0004342162396873643 3.367295829986474
shield 0.0017368649587494573 3.654977902438255
shimpi 0.0008684324793747286 4.7535901911063645
shoquist 0.0004342162396873643 4.7535901911063645
short 0.0008684324793747286 0.4361020775700542
sidebar 0.0008684324793747286 0.0
siggraph 0.0008684324793747286 4.7535901911063645
similar 0.0008684324793747286 0.946927701336045
simplify 0.0004342162396873643 2.8076800420510515
sin 0.0004342162396873643 3.367295829986474
site 0.0004342162396873643 0.0
six 0.0004342162396873643 2.3556949183079943
skylake+ 0.0008684324793747286 4.7535901911063645
slayer 0.0004342162396873643 4.7535901911063645
slots 0.0008684324793747286 4.060443010546419
snes9x 0.0004342162396873643 4.7535901911063645
socket 0.0008684324793747286 3.654977902438255
socs 0.0004342162396873643 4.7535901911063645
software 0.0008684324793747286 0.371563556432483
softwareshading 0.0004342162396873643 4.7535901911063645
some 0.0021710811984368217 1.4577533251020356
source 0.0021710811984368217 0.659245628884264
source-code 0.0004342162396873643 4.7535901911063645
source-level 0.0004342162396873643 4.060443010546419
space 0.0004342162396873643 1.575536360758419
special 0.0008684324793747286 1.2878542883066382
specialized 0.0004342162396873643 2.8076800420510515
specific 0.0004342162396873643 1.3862943611198906
spir-v 0.0013026487190620929 4.7535901911063645
square 0.0004342162396873643 2.6741486494265287
stack 0.0004342162396873643 1.575536360758419
stand 0.0004342162396873643 2.9618307218783095
standard 0.0013026487190620929 0.6931471805599453
statement 0.0004342162396873643 0.0
static 0.0004342162396873643 1.3523928094442093
statistics 0.0004342162396873643 0.0
statue 0.0004342162396873643 4.7535901911063645
stenson 0.0004342162396873643 4.7535901911063645
stereo 0.0004342162396873643 4.7535901911063645
steven 0.0004342162396873643 2.9618307218783095
stexar 0.0004342162396873643 4.7535901911063645
still 0.0004342162396873643 1.1700712526502546
struct 0.0004342162396873643 2.8076800420510515
structures 0.0013026487190620929 1.1700712526502546
subsection 0.0013026487190620929 0.7282385003712155
such 0.0004342162396873643 1.9810014688665833
suit 0.0004342162396873643 3.367295829986474
suitable 0.0004342162396873643 2.268683541318364
support 0.0021710811984368217 0.5194836865091053
supported 0.0008684324793747286 0.9249487946172696
supporting 0.0017368649587494573 1.8632184332102
supports 0.0017368649587494573 0.8415671856782185
surround 0.0004342162396873643 4.060443010546419
switch 0.0004342162396873643 1.8091512119399242
switched 0.0004342162396873643 3.1441522786722644
switching 0.0004342162396873643 3.367295829986474
swizzling 0.0004342162396873643 4.7535901911063645
sxm 0.0004342162396873643 4.7535901911063645
syntax 0.0004342162396873643 0.5488975717153985
synthesizer 0.0004342162396873643 4.060443010546419
system 0.0021710811984368217 0.22099069795310872
systems 0.0004342162396873643 0.5488975717153985
table 0.0008684324793747286 0.0
tablet 0.0004342162396873643 3.367295829986474
targets 0.0008684324793747286 2.9618307218783095
task 0.0004342162396873643 1.8632184332102
tasks 0.0017368649587494573 1.7578579175523736
technical 0.0004342162396873643 1.3862943611198906
technique 0.0008684324793747286 3.1441522786722644
techniques 0.0004342162396873643 2.114532861491106
technologies 0.0008684324793747286 1.7090677533829417
technologiesmultimedia 0.0004342162396873643 4.7535901911063645
technology 0.0004342162396873643 0.8023464725249373
tegra 0.0008684324793747286 4.7535901911063645
temp 0.0008684324793747286 4.7535901911063645
tensor 0.0004342162396873643 3.654977902438255
term 0.0004342162396873643 1.8632184332102
terms 0.0008684324793747286 0.0
territory 0.0004342162396873643 4.7535901911063645
tesla 0.0008684324793747286 4.060443010546419
tessellation 0.0004342162396873643 4.7535901911063645
tex1d 0.0004342162396873643 4.7535901911063645
tex2d 0.0004342162396873643 4.7535901911063645
text 0.0008684324793747286 0.0
texture 0.0039079461571862786 4.060443010546419
the 0.007815892314372557 0.03509131981127019
these 0.0008684324793747286 1.1700712526502546
this 0.0017368649587494573 0.0
ti 0.0008684324793747286 2.8076800420510515
tips 0.0004342162396873643 3.367295829986474
title 0.0004342162396873643 0.0
title=cg_ 0.0004342162396873643 4.7535901911063645
tnt 0.0004342162396873643 4.060443010546419
tnt2 0.0004342162396873643 4.7535901911063645
to 0.0008684324793747286 1.0159205728229963
toggle 0.0026052974381241857 0.0
toolkit 0.0013026487190620929 2.1886408336448278
tools 0.0013026487190620929 0.0
top 0.0013026487190620929 0.0
tracing 0.0017368649587494573 4.060443010546419
trademark 0.0004342162396873643 0.0
transformed 0.0004342162396873643 4.060443010546419
translation 0.0004342162396873643 2.1886408336448278
transparency 0.0004342162396873643 3.1441522786722644
tricks 0.0004342162396873643 4.060443010546419
turbocache 0.0004342162396873643 4.7535901911063645
turing 0.0004342162396873643 2.6741486494265287
turner 0.0004342162396873643 2.8076800420510515
tutorial 0.0013026487190620929 1.8632184332102
tv 0.0004342162396873643 3.1441522786722644
two 0.0021710811984368217 0.6931471805599453
types 0.005210594876248371 0.7462570058738937
uli 0.0004342162396873643 4.7535901911063645
ultra™ 0.0004342162396873643 4.7535901911063645
unified 0.0008684324793747286 2.1886408336448278
unit 0.0004342162396873643 1.7090677533829417
units 0.0004342162396873643 2.5563656137701454
unity 0.0008684324793747286 4.060443010546419
unlike 0.0004342162396873643 1.6625477377480486
unlimited 0.005210594876248371 3.654977902438255
unreal 0.0004342162396873643 4.060443010546419
unreleased 0.0004342162396873643 4.7535901911063645
url 0.0004342162396873643 2.5563656137701454
urls 0.0013026487190620929 3.654977902438255
usdonate 0.0004342162396873643 0.0
use 0.0026052974381241857 0.0
used 0.0013026487190620929 0.18924199963852834
user 0.0004342162396873643 0.8415671856782185
uses 0.0004342162396873643 0.7832982775542428
using 0.0021710811984368217 0.0
usually 0.0004342162396873643 1.6625477377480486
utc 0.0004342162396873643 0.0
variable 0.0008684324793747286 1.0159205728229963
vdpau 0.0004342162396873643 4.7535901911063645
vector 0.0008684324793747286 2.3556949183079943
version 0.0013026487190620929 0.0
vertex 0.004342162396873643 4.060443010546419
video 0.0021710811984368217 1.9203768470501485
view 0.0008684324793747286 0.0
virtools 0.0004342162396873643 4.7535901911063645
vision 0.0004342162396873643 2.8076800420510515
volta 0.0004342162396873643 4.7535901911063645
vp 0.0004342162396873643 4.060443010546419
vs 0.0034737299174989146 3.1441522786722644
vs_4_1 0.0004342162396873643 4.7535901911063645
vtenvidiageforce 0.0004342162396873643 4.7535901911063645
vulkan 0.0004342162396873643 4.7535901911063645
w 0.0004342162396873643 0.0
wars 0.0004342162396873643 3.654977902438255
water 0.0004342162396873643 4.060443010546419
way 0.0008684324793747286 0.9249487946172696
wddm 0.00303951367781155 4.7535901911063645
well 0.0008684324793747286 1.1700712526502546
what 0.0004342162396873643 0.0
when 0.0004342162396873643 1.1700712526502546
wide 0.0008684324793747286 2.3556949183079943
wikidata 0.0004342162396873643 1.2878542883066382
wikimedia 0.0004342162396873643 0.0
wikipedia 0.0021710811984368217 0.0
wikipediacontact 0.0004342162396873643 0.0
wikipedia® 0.0004342162396873643 0.0
wildcat 0.0004342162396873643 4.7535901911063645
william 0.0004342162396873643 1.8632184332102
wilson 0.0004342162396873643 3.654977902438255
win32 0.0004342162396873643 3.367295829986474
windows 0.0017368649587494573 0.9034425893963061
without 0.0004342162396873643 0.9249487946172696
work 0.0008684324793747286 1.1160040313799788
writing 0.0008684324793747286 1.3523928094442093
written 0.0013026487190620929 0.44952509790219486
x1000 0.0004342162396873643 4.060443010546419
x300-x600 0.0004342162396873643 4.7535901911063645
x700-x850 0.0004342162396873643 4.7535901911063645
x800 0.0004342162396873643 4.7535901911063645
xbox 0.0004342162396873643 4.060443010546419
xt 0.0004342162396873643 4.7535901911063645
yes 0.01606600086843248 3.1441522786722644
youtube 0.0004342162396873643 2.451005098112319
češtinadeutschespañolfrançais한국어bahasa 0.0004342162396873643 4.7535901911063645
≥ 0.00303951367781155 3.367295829986474
