-0 0.0010141987829614604 2.9618307218783095
-1 0.007099391480730223 2.451005098112319
-10 0.0030425963488843813 2.6741486494265287
-11 0.004056795131845842 2.9618307218783095
-12 0.0030425963488843813 2.9618307218783095
-13 0.002028397565922921 2.9618307218783095
-14 0.002028397565922921 2.9618307218783095
-15 0.0010141987829614604 2.9618307218783095
-16 0.0010141987829614604 2.9618307218783095
-17 0.0010141987829614604 2.9618307218783095
-2 0.009127789046653144 2.6741486494265287
-20 0.0010141987829614604 2.9618307218783095
-21 0.0010141987829614604 2.9618307218783095
-22 0.0010141987829614604 2.8076800420510515
-238 0.0010141987829614604 2.9618307218783095
-28 0.0010141987829614604 2.9618307218783095
-3 0.006085192697768763 2.8076800420510515
-4 0.002028397565922921 2.8076800420510515
-5 0.0030425963488843813 2.9618307218783095
-6 0.004056795131845842 2.9618307218783095
-7 0.002028397565922921 2.9618307218783095
-8 0.002028397565922921 2.9618307218783095
-8-i 0.0010141987829614604 2.9618307218783095
-9 0.002028397565922921 2.9618307218783095
0-89791-472-4 0.0010141987829614604 4.7535901911063645
08:31 0.0010141987829614604 4.7535901911063645
1 0.0030425963488843813 0.05310982531394833
10 0.0010141987829614604 0.5639354490799391
1000 0.0010141987829614604 1.9810014688665833
10000–19999 0.0010141987829614604 2.9618307218783095
10006 0.0010141987829614604 2.9618307218783095
10007 0.0010141987829614604 2.9618307218783095
10021 0.0010141987829614604 3.367295829986474
1004 0.0010141987829614604 2.9618307218783095
1007 0.0010141987829614604 2.9618307218783095
10116 0.002028397565922921 2.9618307218783095
10118-3 0.0010141987829614604 2.9618307218783095
10160 0.0010141987829614604 2.9618307218783095
10161 0.0010141987829614604 2.9618307218783095
10165 0.002028397565922921 2.9618307218783095
10179 0.002028397565922921 2.9618307218783095
10206 0.0010141987829614604 2.9618307218783095
10218 0.0010141987829614604 2.9618307218783095
10303 0.0010141987829614604 2.9618307218783095
10383 0.0010141987829614604 2.9618307218783095
10487 0.0010141987829614604 2.9618307218783095
10585 0.0010141987829614604 2.9618307218783095
10589 0.0010141987829614604 2.9618307218783095
10628 0.0010141987829614604 2.9618307218783095
10646 0.002028397565922921 2.9618307218783095
10664 0.0010141987829614604 2.9618307218783095
1073-1 0.0010141987829614604 2.9618307218783095
1073-2 0.0010141987829614604 2.9618307218783095
10746 0.0010141987829614604 2.9618307218783095
10861 0.0010141987829614604 2.9618307218783095
10957 0.0010141987829614604 2.9618307218783095
10962 0.0010141987829614604 2.9618307218783095
10967 0.002028397565922921 2.9618307218783095
11073 0.0010141987829614604 2.9618307218783095
11170 0.0010141987829614604 2.9618307218783095
11172 0.0010141987829614604 3.367295829986474
11179 0.002028397565922921 2.9618307218783095
11404 0.002028397565922921 2.9618307218783095
11544 0.002028397565922921 2.9618307218783095
1155 0.0010141987829614604 2.9618307218783095
11783 0.0010141987829614604 2.9618307218783095
11784 0.0010141987829614604 2.9618307218783095
11785 0.0010141987829614604 2.9618307218783095
11801 0.002028397565922921 2.9618307218783095
11889 0.0010141987829614604 2.9618307218783095
11898 0.0010141987829614604 2.9618307218783095
11940 0.0010141987829614604 2.9618307218783095
11941 0.002028397565922921 2.9618307218783095
11992 0.0010141987829614604 2.9618307218783095
12 0.0010141987829614604 0.7105389232718146
12006 0.0010141987829614604 2.9618307218783095
12182 0.0010141987829614604 2.9618307218783095
12207 0.002028397565922921 2.9618307218783095
12234-2 0.0010141987829614604 2.9618307218783095
12620 0.0010141987829614604 2.9618307218783095
128 0.0010141987829614604 2.451005098112319
131214.131232 0.0010141987829614604 4.7535901911063645
13211 0.0010141987829614604 2.9618307218783095
13216 0.0010141987829614604 2.9618307218783095
13250 0.002028397565922921 2.9618307218783095
13346 0.0010141987829614604 3.367295829986474
13399 0.0010141987829614604 2.9618307218783095
13406-2 0.0010141987829614604 2.9618307218783095
13450 0.0010141987829614604 2.9618307218783095
13485 0.0010141987829614604 2.9618307218783095
13490 0.0010141987829614604 2.9618307218783095
13522-5 0.0010141987829614604 3.367295829986474
13567 0.0010141987829614604 2.9618307218783095
13568 0.002028397565922921 2.9618307218783095
13584 0.0010141987829614604 2.9618307218783095
13616 0.0010141987829614604 2.9618307218783095
13816 0.002028397565922921 2.9618307218783095
13818 0.0010141987829614604 3.367295829986474
139–147 0.0010141987829614604 4.7535901911063645
14000 0.0010141987829614604 2.9618307218783095
14031 0.0010141987829614604 2.9618307218783095
1413 0.0010141987829614604 2.9618307218783095
14224 0.0010141987829614604 2.9618307218783095
14289 0.0010141987829614604 2.9618307218783095
14396 0.0010141987829614604 2.9618307218783095
14443 0.002028397565922921 2.9618307218783095
14496 0.002028397565922921 2.9618307218783095
14617 0.0010141987829614604 2.9618307218783095
14644 0.0010141987829614604 2.9618307218783095
14649 0.0010141987829614604 2.9618307218783095
14651 0.002028397565922921 2.9618307218783095
14698 0.0010141987829614604 2.9618307218783095
14764 0.0010141987829614604 2.9618307218783095
14882 0.002028397565922921 2.9618307218783095
14971 0.0010141987829614604 2.9618307218783095
15022 0.0010141987829614604 2.9618307218783095
15189 0.0010141987829614604 2.9618307218783095
15288 0.002028397565922921 2.9618307218783095
15291 0.002028397565922921 2.8076800420510515
15292 0.0010141987829614604 2.9618307218783095
1538 0.0010141987829614604 2.9618307218783095
15398 0.0010141987829614604 2.9618307218783095
15408 0.002028397565922921 2.9618307218783095
15438 0.0010141987829614604 2.9618307218783095
15444 0.002028397565922921 2.9618307218783095
15445 0.002028397565922921 2.9618307218783095
15504 0.002028397565922921 2.9618307218783095
15511 0.002028397565922921 2.9618307218783095
15686 0.0010141987829614604 2.9618307218783095
15693 0.002028397565922921 2.9618307218783095
15706 0.0010141987829614604 2.9618307218783095
15707 0.0010141987829614604 2.9618307218783095
15897 0.002028397565922921 2.9618307218783095
15919 0.0010141987829614604 2.9618307218783095
15924 0.0010141987829614604 2.9618307218783095
15926 0.002028397565922921 2.9618307218783095
15930 0.0010141987829614604 2.9618307218783095
15938 0.0010141987829614604 3.367295829986474
16 0.0010141987829614604 0.9034425893963061
16023 0.0010141987829614604 2.9618307218783095
16262 0.002028397565922921 2.9618307218783095
1629 0.0010141987829614604 2.9618307218783095
16355-1 0.0010141987829614604 2.9618307218783095
16485 0.002028397565922921 2.9618307218783095
16612-2 0.0010141987829614604 2.9618307218783095
16750 0.0010141987829614604 2.9618307218783095
16949 0.0010141987829614604 2.9618307218783095
17 0.0010141987829614604 0.9923900754128022
17024 0.002028397565922921 2.9618307218783095
17025 0.002028397565922921 2.9618307218783095
17100 0.0010141987829614604 2.9618307218783095
17203 0.0010141987829614604 2.9618307218783095
17369 0.0010141987829614604 2.9618307218783095
17442 0.0010141987829614604 2.9618307218783095
1745 0.0010141987829614604 2.9618307218783095
17506 0.0010141987829614604 2.9618307218783095
17799 0.0010141987829614604 2.9618307218783095
18004 0.002028397565922921 2.9618307218783095
18014 0.002028397565922921 2.9618307218783095
18245 0.0010141987829614604 2.9618307218783095
18629 0.0010141987829614604 2.9618307218783095
18916 0.0010141987829614604 2.9618307218783095
19005 0.0010141987829614604 2.9618307218783095
19011 0.0010141987829614604 2.9618307218783095
19092 0.0010141987829614604 2.9618307218783095
19114 0.0010141987829614604 2.9618307218783095
19115 0.0010141987829614604 2.9618307218783095
19125 0.0010141987829614604 2.9618307218783095
19136 0.0010141987829614604 2.9618307218783095
19407 0.0010141987829614604 2.9618307218783095
19439 0.0010141987829614604 2.9618307218783095
19500 0.0010141987829614604 2.9618307218783095
19501 0.0010141987829614604 2.9618307218783095
19502 0.0010141987829614604 2.9618307218783095
19503 0.0010141987829614604 2.9618307218783095
19505 0.0010141987829614604 2.9618307218783095
19506 0.0010141987829614604 2.9618307218783095
19507 0.0010141987829614604 2.9618307218783095
19508 0.0010141987829614604 2.9618307218783095
19509 0.0010141987829614604 2.9618307218783095
19510 0.0010141987829614604 2.9618307218783095
19600 0.0010141987829614604 2.9618307218783095
19752 0.002028397565922921 2.9618307218783095
19757 0.002028397565922921 2.9618307218783095
19770 0.002028397565922921 2.9618307218783095
19775-1 0.0010141987829614604 2.9618307218783095
19788 0.0010141987829614604 3.367295829986474
19794-5 0.0010141987829614604 2.9618307218783095
1980 0.0010141987829614604 2.114532861491106
1980programming 0.0010141987829614604 4.060443010546419
19831 0.0010141987829614604 2.9618307218783095
1989 0.0010141987829614604 1.7578579175523736
1992 0.002028397565922921 1.6625477377480486
1999 0.0010141987829614604 1.421385680931161
1see 0.0010141987829614604 3.654977902438255
2 0.0010141987829614604 0.08076135664445838
2.95 0.0010141987829614604 4.7535901911063645
20 0.0010141987829614604 0.8217645583820389
20000 0.002028397565922921 2.8076800420510515
20000–29999 0.0010141987829614604 2.9618307218783095
20022 0.0010141987829614604 2.9618307218783095
2003 0.002028397565922921 1.3196029866212184
2008-12-30 0.0010141987829614604 4.7535901911063645
20121 0.0010141987829614604 2.9618307218783095
2014 0.0010141987829614604 1.2272296664902032
2015 0.0010141987829614604 1.1160040313799788
2022 0.002028397565922921 0.47692407209030935
2023 0.0010141987829614604 0.7282385003712155
2033 0.0010141987829614604 2.9618307218783095
20400 0.0010141987829614604 2.9618307218783095
2047 0.0010141987829614604 2.9618307218783095
20802 0.002028397565922921 2.9618307218783095
21000 0.002028397565922921 2.9618307218783095
21047 0.0010141987829614604 2.9618307218783095
2108 0.0010141987829614604 2.9618307218783095
21122 0.0010141987829614604 2.9618307218783095
2145 0.0010141987829614604 2.9618307218783095
2146 0.0010141987829614604 2.9618307218783095
21500 0.0010141987829614604 2.9618307218783095
216 0.0010141987829614604 2.8076800420510515
217 0.0010141987829614604 2.9618307218783095
21827 0.002028397565922921 2.9618307218783095
22000 0.0010141987829614604 2.9618307218783095
22300 0.0010141987829614604 2.9618307218783095
22395 0.0010141987829614604 2.9618307218783095
2240 0.0010141987829614604 2.9618307218783095
226 0.0010141987829614604 2.9618307218783095
228 0.0010141987829614604 2.8076800420510515
2281 0.0010141987829614604 2.9618307218783095
23000 0.0010141987829614604 3.367295829986474
23003 0.0010141987829614604 3.367295829986474
23008 0.0010141987829614604 3.367295829986474
23090-3 0.0010141987829614604 2.9618307218783095
23270 0.002028397565922921 2.9618307218783095
23271 0.0010141987829614604 2.9618307218783095
233 0.0010141987829614604 2.9618307218783095
23360 0.002028397565922921 2.9618307218783095
24517 0.0010141987829614604 2.9618307218783095
24613 0.0010141987829614604 2.9618307218783095
24617 0.0010141987829614604 2.9618307218783095
24707 0.002028397565922921 2.9618307218783095
24727 0.0010141987829614604 3.367295829986474
24744 0.0010141987829614604 3.367295829986474
24752 0.0010141987829614604 3.367295829986474
25178 0.0010141987829614604 2.9618307218783095
2533 0.0010141987829614604 2.9618307218783095
259 0.0010141987829614604 2.8076800420510515
25964 0.0010141987829614604 2.9618307218783095
26000 0.0010141987829614604 2.9618307218783095
261 0.0010141987829614604 2.9618307218783095
262 0.0010141987829614604 2.9618307218783095
26262 0.0010141987829614604 2.9618307218783095
26300 0.002028397565922921 2.9618307218783095
26324 0.0010141987829614604 2.9618307218783095
27000 0.0030425963488843813 2.9618307218783095
27000-series 0.0010141987829614604 3.367295829986474
27001 0.0010141987829614604 2.9618307218783095
27002 0.002028397565922921 2.9618307218783095
27005 0.0010141987829614604 2.9618307218783095
27006 0.0010141987829614604 2.9618307218783095
27040 0.0010141987829614604 3.367295829986474
2709 0.0010141987829614604 2.9618307218783095
2711 0.0010141987829614604 2.9618307218783095
2720 0.0010141987829614604 2.9618307218783095
27729 0.0010141987829614604 2.9618307218783095
2788 0.0010141987829614604 2.9618307218783095
28000 0.0010141987829614604 2.9618307218783095
2848 0.0010141987829614604 2.9618307218783095
2852 0.0010141987829614604 2.9618307218783095
29110 0.002028397565922921 2.9618307218783095
29119 0.0010141987829614604 3.367295829986474
29148 0.0010141987829614604 2.9618307218783095
29199-2 0.0010141987829614604 2.9618307218783095
29500 0.0010141987829614604 2.9618307218783095
2references 0.0010141987829614604 2.5563656137701454
3 0.0010141987829614604 0.16862271243579272
3.0 0.0010141987829614604 0.0
30 0.0010141987829614604 1.1700712526502546
30000+ 0.0010141987829614604 2.9618307218783095
30170 0.0010141987829614604 2.9618307218783095
302 0.0010141987829614604 2.9618307218783095
3029 0.0010141987829614604 2.9618307218783095
306 0.0010141987829614604 2.9618307218783095
31 0.0010141987829614604 1.3523928094442093
31000 0.0010141987829614604 2.9618307218783095
3103 0.0010141987829614604 2.9618307218783095
3166 0.0010141987829614604 2.9618307218783095
32000 0.0010141987829614604 2.9618307218783095
3297 0.0010141987829614604 2.9618307218783095
33001 0.0010141987829614604 3.367295829986474
3307 0.0010141987829614604 2.9618307218783095
3601 0.0010141987829614604 2.9618307218783095
3602 0.0010141987829614604 2.9618307218783095
361 0.0010141987829614604 2.9618307218783095
37001 0.0010141987829614604 2.9618307218783095
38500 0.002028397565922921 2.9618307218783095
3864 0.0010141987829614604 2.9618307218783095
3901 0.0010141987829614604 2.8076800420510515
3950 0.0010141987829614604 2.9618307218783095
3977 0.0010141987829614604 2.9618307218783095
3external 0.0010141987829614604 2.5563656137701454
4 0.0010141987829614604 0.2992428948528569
4031 0.0010141987829614604 2.9618307218783095
40500 0.0010141987829614604 2.9618307218783095
4157 0.0010141987829614604 2.9618307218783095
4165 0.0010141987829614604 2.9618307218783095
42010 0.002028397565922921 2.9618307218783095
4217 0.0010141987829614604 2.9618307218783095
45001 0.0010141987829614604 2.9618307218783095
4909 0.002028397565922921 2.9618307218783095
500 0.0010141987829614604 2.451005098112319
50001 0.0010141987829614604 2.9618307218783095
518 0.0010141987829614604 2.9618307218783095
519 0.0010141987829614604 2.9618307218783095
5218 0.002028397565922921 2.9618307218783095
5426 0.0010141987829614604 2.9618307218783095
5427 0.0010141987829614604 2.9618307218783095
5428 0.0010141987829614604 2.9618307218783095
55000 0.0010141987829614604 2.9618307218783095
56000 0.0010141987829614604 2.9618307218783095
5725 0.0010141987829614604 2.9618307218783095
5775 0.0010141987829614604 2.9618307218783095
5776 0.0010141987829614604 2.9618307218783095
5800 0.0010141987829614604 2.9618307218783095
5807 0.0010141987829614604 2.9618307218783095
5964 0.0010141987829614604 2.9618307218783095
6 0.0010141987829614604 0.4097847692526808
60027 0.0010141987829614604 3.367295829986474
60034 0.0010141987829614604 3.367295829986474
60038 0.0010141987829614604 3.367295829986474
60062 0.0010141987829614604 3.367295829986474
60063 0.0010141987829614604 3.367295829986474
60068 0.0010141987829614604 3.367295829986474
60112 0.0010141987829614604 3.367295829986474
60228 0.0010141987829614604 3.367295829986474
60269 0.0010141987829614604 3.367295829986474
60297 0.0010141987829614604 3.367295829986474
60309 0.0010141987829614604 3.367295829986474
60320 0.0010141987829614604 3.367295829986474
60364 0.0010141987829614604 3.367295829986474
60446 0.0010141987829614604 3.367295829986474
60559 0.0010141987829614604 3.367295829986474
60601 0.0010141987829614604 3.367295829986474
60870 0.0010141987829614604 3.367295829986474
60870-5 0.0010141987829614604 3.367295829986474
60870-6 0.0010141987829614604 3.367295829986474
60906-1 0.0010141987829614604 3.367295829986474
60908 0.0010141987829614604 3.367295829986474
60929 0.0010141987829614604 3.367295829986474
60958 0.0010141987829614604 3.367295829986474
61030 0.0010141987829614604 3.367295829986474
61131 0.0010141987829614604 3.367295829986474
61131-3 0.0010141987829614604 3.367295829986474
61131-9 0.0010141987829614604 3.367295829986474
61158 0.0010141987829614604 3.367295829986474
61162 0.0010141987829614604 3.367295829986474
61334 0.0010141987829614604 3.367295829986474
61355 0.0010141987829614604 3.367295829986474
61360 0.0010141987829614604 3.367295829986474
61400 0.0010141987829614604 3.367295829986474
61499 0.0010141987829614604 3.367295829986474
61508 0.0010141987829614604 3.367295829986474
61511 0.0010141987829614604 3.367295829986474
6166 0.0010141987829614604 2.9618307218783095
61784 0.0010141987829614604 3.367295829986474
61850 0.0010141987829614604 3.367295829986474
61851 0.0010141987829614604 3.367295829986474
61883 0.0010141987829614604 3.367295829986474
61960 0.0010141987829614604 3.367295829986474
61968 0.0010141987829614604 3.367295829986474
61970 0.0010141987829614604 3.367295829986474
62014-4 0.0010141987829614604 3.367295829986474
62026 0.0010141987829614604 3.367295829986474
62056 0.0010141987829614604 3.367295829986474
62061 0.0010141987829614604 3.367295829986474
62196 0.0010141987829614604 3.367295829986474
62262 0.0010141987829614604 3.367295829986474
62264 0.0010141987829614604 3.367295829986474
62304 0.0010141987829614604 3.367295829986474
62325 0.0010141987829614604 3.367295829986474
62351 0.0010141987829614604 3.367295829986474
62365 0.0010141987829614604 3.367295829986474
62366 0.0010141987829614604 3.367295829986474
62379 0.0010141987829614604 3.367295829986474
62386 0.0010141987829614604 3.367295829986474
62455 0.0010141987829614604 3.367295829986474
62680 0.0010141987829614604 3.367295829986474
62682 0.0010141987829614604 3.367295829986474
62700 0.0010141987829614604 3.367295829986474
63110 0.0010141987829614604 3.367295829986474
63119 0.0010141987829614604 3.367295829986474
63382 0.0010141987829614604 3.367295829986474
6344 0.0010141987829614604 2.9618307218783095
6346 0.0010141987829614604 2.9618307218783095
6385 0.0010141987829614604 2.9618307218783095
639 0.0010141987829614604 2.8076800420510515
6425 0.0010141987829614604 2.9618307218783095
6429 0.002028397565922921 2.9618307218783095
6438 0.0010141987829614604 2.9618307218783095
646 0.002028397565922921 2.9618307218783095
6523 0.002028397565922921 2.9618307218783095
657 0.0010141987829614604 2.9618307218783095
668 0.0010141987829614604 2.9618307218783095
6709 0.0010141987829614604 2.9618307218783095
68-1 0.0010141987829614604 2.9618307218783095
690 0.0010141987829614604 2.9618307218783095
6943 0.0010141987829614604 2.9618307218783095
7 0.0010141987829614604 0.4361020775700542
7001 0.0010141987829614604 2.9618307218783095
7002 0.0010141987829614604 2.9618307218783095
7010 0.0010141987829614604 2.9618307218783095
7027 0.0010141987829614604 2.9618307218783095
704 0.0010141987829614604 2.9618307218783095
7064 0.0010141987829614604 2.9618307218783095
7098 0.0010141987829614604 2.9618307218783095
7185 0.0010141987829614604 2.9618307218783095
7200 0.0010141987829614604 2.9618307218783095
732 0.0010141987829614604 2.9618307218783095
7498 0.0010141987829614604 2.9618307218783095
7637 0.0010141987829614604 2.9618307218783095
764 0.0010141987829614604 2.9618307218783095
7736 0.0010141987829614604 2.9618307218783095
7810 0.002028397565922921 2.9618307218783095
7811 0.002028397565922921 2.9618307218783095
7812 0.002028397565922921 2.9618307218783095
7813 0.002028397565922921 2.9618307218783095
7816 0.002028397565922921 2.9618307218783095
7942 0.002028397565922921 2.9618307218783095
8000 0.0010141987829614604 2.8076800420510515
80000 0.002028397565922921 2.9618307218783095
8093 0.0010141987829614604 2.9618307218783095
81346 0.0010141987829614604 3.367295829986474
8178 0.0010141987829614604 2.9618307218783095
8217 0.0010141987829614604 2.9618307218783095
8373 0.0010141987829614604 2.9618307218783095
838 0.0010141987829614604 2.9618307218783095
843 0.0010141987829614604 2.9618307218783095
8501-1 0.0010141987829614604 2.9618307218783095
8571 0.0010141987829614604 2.9618307218783095
8583 0.0010141987829614604 2.9618307218783095
860 0.0010141987829614604 2.9618307218783095
8601 0.0010141987829614604 2.9618307218783095
8613 0.002028397565922921 2.9618307218783095
8632 0.002028397565922921 2.9618307218783095
8651 0.0010141987829614604 2.9618307218783095
8652 0.002028397565922921 2.8076800420510515
8691 0.0010141987829614604 2.9618307218783095
8805 0.0010141987829614604 2.9618307218783095
8806 0.0010141987829614604 2.9618307218783095
8807 0.0010141987829614604 2.9618307218783095
8820-5 0.0010141987829614604 2.9618307218783095
8859 0.002028397565922921 2.9618307218783095
8879 0.0010141987829614604 2.9618307218783095
898 0.0010141987829614604 2.9618307218783095
9 0.0010141987829614604 0.5488975717153985
9000 0.0010141987829614604 2.8076800420510515
9001 0.0010141987829614604 2.9618307218783095
9036 0.0010141987829614604 2.9618307218783095
9075 0.0010141987829614604 2.9618307218783095
9126 0.002028397565922921 2.9618307218783095
9141 0.0010141987829614604 2.9618307218783095
9227 0.0010141987829614604 2.9618307218783095
9241 0.0010141987829614604 2.9618307218783095
9293 0.002028397565922921 2.9618307218783095
9314 0.0010141987829614604 2.9618307218783095
9362 0.0010141987829614604 2.9618307218783095
9407 0.0010141987829614604 2.9618307218783095
9496 0.002028397565922921 2.9618307218783095
9496:2003 0.0010141987829614604 4.7535901911063645
9506 0.0010141987829614604 2.9618307218783095
9529 0.002028397565922921 2.9618307218783095
9564 0.0010141987829614604 2.9618307218783095
9592 0.002028397565922921 2.9618307218783095
9593 0.002028397565922921 2.9618307218783095
9594 0.0010141987829614604 2.9618307218783095
965 0.0010141987829614604 2.9618307218783095
9660 0.0010141987829614604 2.9618307218783095
9797-1 0.0010141987829614604 2.9618307218783095
9897 0.0010141987829614604 2.9618307218783095
9899 0.002028397565922921 2.8076800420510515
9945 0.002028397565922921 2.9618307218783095
9984 0.0010141987829614604 2.9618307218783095
9985 0.0010141987829614604 2.9618307218783095
999 0.0010141987829614604 2.8076800420510515
9995 0.002028397565922921 2.9618307218783095
a 0.0010141987829614604 0.1584703409717747
about 0.0010141987829614604 0.0
account 0.0010141987829614604 0.0
accountlog 0.0010141987829614604 0.0
acm 0.0010141987829614604 1.2272296664902032
acronym 0.0010141987829614604 2.3556949183079943
across 0.0010141987829614604 0.0
ada 0.002028397565922921 1.421385680931161
additional 0.0010141987829614604 0.0
ago 0.0010141987829614604 0.5194836865091053
agree 0.0010141987829614604 0.0
alcatel 0.0010141987829614604 4.7535901911063645
also 0.0030425963488843813 0.18924199963852834
an 0.0010141987829614604 0.8023464725249373
annual 0.0010141987829614604 2.9618307218783095
appeared1980stable 0.0010141987829614604 4.7535901911063645
apply 0.0010141987829614604 0.0
article 0.0010141987829614604 0.0
articleabout 0.0010141987829614604 0.0
articles 0.0010141987829614604 0.1584703409717747
articletalk 0.0010141987829614604 0.0
association 0.0010141987829614604 1.3862943611198906
attribution-sharealike 0.0010141987829614604 0.0
authority 0.0010141987829614604 1.1700712526502546
available 0.0010141987829614604 0.0
bokmålpolskiportuguêsрусскийукраїнська 0.0010141987829614604 4.7535901911063645
box 0.0010141987829614604 2.268683541318364
bundled 0.0010141987829614604 3.654977902438255
by 0.0010141987829614604 0.0
byccittfirst 0.0010141987829614604 4.7535901911063645
bycobol 0.0010141987829614604 4.7535901911063645
called 0.0010141987829614604 0.7462570058738937
categories 0.002028397565922921 0.026202372394024117
category 0.0010141987829614604 0.6931471805599453
ccitt 0.002028397565922921 4.7535901911063645
changesupload 0.002028397565922921 0.0
chill 0.015212981744421906 4.7535901911063645
chillinfluenced 0.0010141987829614604 4.7535901911063645
chillparadigmproceduraldesigned 0.0010141987829614604 4.7535901911063645
chill—an 0.0010141987829614604 4.7535901911063645
city 0.0010141987829614604 2.9618307218783095
commission 0.0010141987829614604 2.8076800420510515
commons 0.0010141987829614604 0.0
communications 0.0010141987829614604 1.7090677533829417
companies 0.0010141987829614604 1.9810014688665833
compiler 0.002028397565922921 0.626455806061273
complexity 0.0010141987829614604 2.6741486494265287
computing 0.002028397565922921 0.7462570058738937
conference 0.0010141987829614604 1.1700712526502546
confused 0.0010141987829614604 1.9203768470501485
contact 0.0010141987829614604 0.0
content 0.0010141987829614604 0.0
contents 0.0030425963488843813 0.0
contribute 0.0010141987829614604 0.0
contributionstalk 0.0010141987829614604 0.0
control 0.0010141987829614604 0.49091031406504926
cookie 0.0010141987829614604 0.0
create 0.002028397565922921 0.0
created 0.0010141987829614604 0.4361020775700542
creative 0.0010141987829614604 0.0
description 0.0010141987829614604 0.3468709438421115
descriptionshort 0.0010141987829614604 0.4631307499579735
designed 0.002028397565922921 0.8217645583820389
developed 0.0010141987829614604 0.5488975717153985
developers 0.0010141987829614604 0.0
dießl 0.0010141987829614604 4.7535901911063645
disambiguation 0.0010141987829614604 2.451005098112319
disciplinestatic 0.0010141987829614604 1.575536360758419
disclaimers 0.0010141987829614604 0.0
documentation 0.0010141987829614604 1.4954936530848826
documents 0.0010141987829614604 1.8632184332102
doi:10.1145 0.0010141987829614604 1.421385680931161
download 0.0010141987829614604 0.0
downloadable 0.0010141987829614604 3.654977902438255
edit 0.004056795131845842 0.0
editcommunity 0.0010141987829614604 0.0
edited 0.0010141987829614604 0.0
editors 0.0010141987829614604 0.0
electrotechnical 0.0010141987829614604 3.1441522786722644
en.wikipedia.org 0.0010141987829614604 0.0
encyclopedia 0.0010141987829614604 0.0
english 0.0010141987829614604 0.0
equivalent 0.0010141987829614604 1.6625477377480486
ericsson 0.0010141987829614604 4.7535901911063645
erlang 0.0010141987829614604 1.8632184332102
eventsrandom 0.0010141987829614604 0.0
ewsd 0.0010141987829614604 4.7535901911063645
example 0.0010141987829614604 0.49091031406504926
exchanges 0.002028397565922921 4.7535901911063645
export 0.0010141987829614604 0.0
external 0.0010141987829614604 0.17887921260298179
f. 0.0010141987829614604 2.0455399900041544
file 0.0010141987829614604 0.0
filespecial 0.0010141987829614604 0.0
first 0.0010141987829614604 0.5050949490570057
foundation 0.0010141987829614604 0.0
free 0.002028397565922921 0.0
freely 0.0010141987829614604 2.114532861491106
from 0.0010141987829614604 0.0
gcc 0.0010141987829614604 2.5563656137701454
georg 0.0010141987829614604 4.7535901911063645
gnu 0.0010141987829614604 1.3862943611198906
go 0.0010141987829614604 0.0
h. 0.0010141987829614604 1.7090677533829417
hardware 0.0010141987829614604 1.421385680931161
helplearn 0.0010141987829614604 0.0
hererelated 0.0010141987829614604 0.0
hide 0.0010141987829614604 0.0
high 0.0010141987829614604 1.421385680931161
history 0.002028397565922921 0.0
homepage 0.0010141987829614604 2.8076800420510515
however 0.0010141987829614604 1.0400181244020568
https 0.0010141987829614604 0.0
identifiers 0.0010141987829614604 1.1426722784621401
identifiersarticles 0.0010141987829614604 1.2272296664902032
iec 0.0030425963488843813 2.5563656137701454
implementation 0.0010141987829614604 0.6760527472006452
in 0.002028397565922921 0.371563556432483
inc. 0.0010141987829614604 0.0
index.php 0.0010141987829614604 0.0
informationcite 0.0010141987829614604 0.0
inside 0.0010141987829614604 1.534714366238164
international 0.0010141987829614604 1.1426722784621401
isbn 0.0010141987829614604 0.6760527472006452
iso 0.006085192697768763 2.1886408336448278
israel 0.0010141987829614604 1.3523928094442093
item 0.0010141987829614604 0.0
itu 0.0030425963488843813 4.7535901911063645
itu-t 0.0010141987829614604 4.7535901911063645
j9u 0.0010141987829614604 1.3523928094442093
january 0.0010141987829614604 0.659245628884264
jump 0.0010141987829614604 0.0
jürgen 0.0010141987829614604 4.060443010546419
kansas 0.0010141987829614604 3.654977902438255
known 0.0010141987829614604 1.1426722784621401
language 0.011156186612576065 0.0
languages 0.004056795131845842 0.0
languagesitu-t 0.0010141987829614604 4.7535901911063645
last 0.0010141987829614604 0.0
late 0.0010141987829614604 1.7578579175523736
later 0.0010141987829614604 0.9249487946172696
lccn 0.0010141987829614604 1.3196029866212184
learn 0.0010141987829614604 0.0
legacy 0.0010141987829614604 2.5563656137701454
level 0.0010141987829614604 1.3862943611198906
libraries 0.0010141987829614604 0.6931471805599453
license 0.0010141987829614604 0.0
linkpage 0.0010141987829614604 0.0
links 0.005070993914807302 0.0
log 0.0010141987829614604 0.0
logged 0.0010141987829614604 0.0
machinery 0.0010141987829614604 1.8632184332102
main 0.0010141987829614604 0.0
maintaining 0.0010141987829614604 2.8076800420510515
matches 0.0010141987829614604 1.2570826296398845
may 0.0010141987829614604 0.0
melayu日本語norsk 0.0010141987829614604 4.7535901911063645
missouri 0.0010141987829614604 4.060443010546419
mobile 0.0010141987829614604 0.0
more 0.0010141987829614604 0.0
move 0.0010141987829614604 0.0
national 0.0010141987829614604 0.9249487946172696
navigation 0.0010141987829614604 0.0
non-profit 0.0010141987829614604 0.0
not 0.0010141987829614604 1.421385680931161
numberlist 0.0010141987829614604 2.9618307218783095
object 0.0030425963488843813 0.7646061445420904
object-oriented 0.0010141987829614604 1.0900285449767182
oldid=1136436774 0.0010141987829614604 4.7535901911063645
on 0.0010141987829614604 0.0
organization 0.0010141987829614604 0.0
oriented 0.0010141987829614604 1.7578579175523736
original 0.0010141987829614604 0.39688136441677296
originally 0.0010141987829614604 0.9923900754128022
page 0.0030425963488843813 0.0
pagecontentscurrent 0.0010141987829614604 0.0
pages 0.0010141987829614604 0.0
pagespermanent 0.0010141987829614604 0.0
pagewikidata 0.0010141987829614604 0.0
pdfprintable 0.0010141987829614604 0.0
personal 0.0010141987829614604 0.0
pl 0.0010141987829614604 2.451005098112319
plex 0.0010141987829614604 3.1441522786722644
policy 0.002028397565922921 0.0
portalrecent 0.0010141987829614604 0.0
pp. 0.0010141987829614604 1.198242129616951
print 0.0010141987829614604 0.0
privacy 0.002028397565922921 0.0
procedural 0.002028397565922921 1.2878542883066382
proceedings 0.0010141987829614604 1.2878542883066382
programming 0.005070993914807302 0.0
provides 0.0010141987829614604 0.9249487946172696
published 0.0010141987829614604 1.4577533251020356
readeditview 0.002028397565922921 0.0
rec 0.0010141987829614604 4.060443010546419
recommendationslegacy 0.0010141987829614604 4.7535901911063645
references 0.0010141987829614604 0.026202372394024117
registered 0.0010141987829614604 0.0
related 0.0010141987829614604 1.0647107369924282
release3.0 0.0010141987829614604 4.060443010546419
removed 0.0010141987829614604 1.8632184332102
responsible 0.0010141987829614604 2.5563656137701454
retrieved 0.002028397565922921 0.0
romanizations 0.0010141987829614604 2.9618307218783095
search 0.0010141987829614604 0.0
see 0.0010141987829614604 0.4361020775700542
series 0.0010141987829614604 1.4954936530848826
short 0.0010141987829614604 0.4361020775700542
sidebar 0.002028397565922921 0.0
siemens 0.0010141987829614604 3.367295829986474
signal 0.0010141987829614604 2.114532861491106
similar 0.0010141987829614604 0.946927701336045
site 0.0010141987829614604 0.0
size 0.0010141987829614604 1.8632184332102
spec 0.0010141987829614604 2.9618307218783095
specification 0.0010141987829614604 1.421385680931161
standard 0.006085192697768763 0.6931471805599453
standardhidden 0.0010141987829614604 4.060443010546419
standards 0.004056795131845842 1.6625477377480486
standards1–9999 0.0010141987829614604 2.9618307218783095
standardsiec 0.0010141987829614604 3.367295829986474
statement 0.0010141987829614604 0.0
states 0.0010141987829614604 1.0400181244020568
statistics 0.0010141987829614604 0.0
still 0.0010141987829614604 1.1700712526502546
stopped 0.0010141987829614604 3.1441522786722644
strongostelecommunication 0.0010141987829614604 4.7535901911063645
switches 0.002028397565922921 3.367295829986474
switchesdialectsobject 0.0010141987829614604 4.7535901911063645
system 0.0010141987829614604 0.22099069795310872
systems 0.0030425963488843813 0.5488975717153985
systemsprogramming 0.0010141987829614604 4.7535901911063645
table 0.002028397565922921 0.0
telecommunication 0.0030425963488843813 4.060443010546419
telephone 0.0010141987829614604 3.1441522786722644
terms 0.002028397565922921 0.0
text 0.002028397565922921 0.0
the 0.006085192697768763 0.03509131981127019
this 0.0010141987829614604 0.0
title 0.0010141987829614604 0.0
title=chill 0.0010141987829614604 4.7535901911063645
toggle 0.0030425963488843813 0.0
tools 0.002028397565922921 0.0
top 0.0030425963488843813 0.0
tr 0.0010141987829614604 2.6741486494265287
trademark 0.0010141987829614604 0.0
ts 0.0010141987829614604 2.9618307218783095
two 0.0010141987829614604 0.6931471805599453
typing 0.0010141987829614604 0.7832982775542428
united 0.0010141987829614604 1.0647107369924282
usa 0.0010141987829614604 2.114532861491106
usdonate 0.0010141987829614604 0.0
use 0.002028397565922921 0.0
used 0.0030425963488843813 0.18924199963852834
using 0.0010141987829614604 0.0
utc 0.0010141987829614604 0.0
version 0.0030425963488843813 0.0
versions 0.0010141987829614604 1.1426722784621401
view 0.0010141987829614604 0.0
vteiec 0.0010141987829614604 3.367295829986474
vteiso 0.0010141987829614604 2.9618307218783095
w 0.0010141987829614604 0.0
what 0.0010141987829614604 0.0
wikidataarticles 0.0010141987829614604 1.2570826296398845
wikimedia 0.0010141987829614604 0.0
wikipedia 0.005070993914807302 0.0
wikipediacontact 0.0010141987829614604 0.0
wikipedia® 0.0010141987829614604 0.0
winkler 0.0010141987829614604 4.7535901911063645
wip 0.0010141987829614604 2.9618307218783095
years 0.002028397565922921 0.47692407209030935
z.200 0.002028397565922921 4.7535901911063645
češtinadeutschfrançaisbahasa 0.0010141987829614604 4.7535901911063645
